1	2	6.57987
1	23	0.00907142
1	26	10.6503
1	39	3.33481
1	57	0.115555
1	74	4.06197
1	82	4.84137
1	93	0.0602335
1	120	5.49788
1	126	0.245222
1	143	5.53648
1	157	7.42486
1	174	10.093
1	178	0.00180591
1	179	9.97023
2	11	0.043676
2	59	0.0149729
2	67	0.00213648
2	73	5.78917
2	82	6.57846
2	109	6.30195
2	112	4.26619
2	118	7.6652
2	119	5.9481
2	120	7.23497
2	123	5.01155
2	124	0.352223
2	141	8.83096
2	197	9.27637
2	198	3.64808
3	33	4.31674
3	58	5.13958
3	80	0.0995861
3	86	6.09649
3	92	7.0343
3	94	6.34082
3	107	2.87272
3	108	7.95473
3	115	5.49104
3	116	5.8437
3	117	6.49232
3	126	6.51186
3	184	10.4706
3	192	5.59737
3	194	1.25949
4	24	2.2392
4	28	2.71297
4	29	3.36185
4	54	2.56362
4	133	3.61018
4	140	3.83281
4	149	4.54383
4	181	5.61162
4	185	6.21381
4	188	6.6182
4	189	6.3039
4	192	6.88183
4	195	6.61055
4	196	6.96796
4	197	7.21987
4	198	7.14696
4	199	7.36773
4	200	7.31829
5	21	4.62788
5	27	11.2544
5	33	3.90104
5	41	4.79417
5	58	4.72388
5	69	3.48357
5	75	5.28644
5	86	5.68079
5	102	6.03254
5	108	7.53903
5	115	5.07535
5	116	5.428
5	117	6.07662
5	126	6.09617
5	193	10.9446
6	22	3.1167
6	27	3.61962
6	37	4.06075
6	63	3.60229
6	85	4.62134
6	87	4.36481
6	105	4.56135
6	139	5.13123
6	157	5.3036
6	159	5.46269
6	166	5.62039
6	167	5.88057
6	174	6.12769
6	176	6.06464
6	179	6.25541
6	180	6.59612
7	30	4.08569
7	35	3.71495
7	53	4.32915
7	61	4.08349
7	93	5.16873
7	101	3.3291
7	103	4.45117
7	144	5.8718
7	153	5.5742
7	161	6.3966
7	164	6.16604
7	171	6.44812
7	178	6.6054
7	182	14.4283
7	183	6.89405
7	187	6.93219
8	10	2.46624
8	63	12.0057
8	91	3.59905
8	109	5.30634
8	118	6.66959
8	119	4.95249
8	120	6.23935
8	123	4.01594
8	135	6.4291
8	149	3.81781
8	161	2.28124
8	167	2.52184
8	182	2.34812
8	188	8.94811
8	193	7.71561
9	66	3.56236
9	68	3.7974
9	71	3.34663
9	88	3.74841
9	110	4.03038
9	131	4.5204
9	138	4.34406
9	152	4.99077
9	158	4.91408
9	168	5.76478
9	177	6.05143
9	184	6.39487
9	186	6.31377
9	190	6.62923
9	191	6.61915
9	193	6.97231
9	194	6.89197
10	1	9.69912
10	2	7.1835
10	8	8.30784
10	9	10.2232
10	14	3.80765
10	20	7.98988
10	50	4.78123
10	73	4.6557
10	74	4.6656
10	82	5.445
10	109	5.16849
10	118	6.53174
10	119	4.81464
10	120	6.1015
10	123	3.87809
10	156	7.98124
11	19	3.77942
11	55	4.28206
11	79	4.56699
11	80	4.70562
11	124	4.92096
11	129	5.14179
11	156	5.3824
11	160	5.7053
11	164	0.0035688
11	165	6.44573
11	169	6.31976
11	172	6.4621
11	173	6.08187
11	175	6.74619
11	182	6.867
11	195	13.8759
12	66	3.38431
12	96	3.35643
12	104	3.74017
12	112	3.78323
12	135	4.34351
12	141	4.54305
12	152	4.81272
12	158	4.73603
12	168	5.58673
12	177	5.87338
12	184	6.21682
12	186	6.13572
12	190	6.45118
12	191	6.4411
12	193	6.79426
12	194	6.71392
13	27	3.50633
13	38	3.63482
13	87	4.25152
13	105	4.44806
13	137	4.77628
13	143	5.03386
13	145	4.79947
13	157	5.19031
13	159	5.3494
13	162	5.2978
13	166	5.5071
13	167	5.76728
13	174	6.0144
13	176	5.95135
13	179	6.14212
13	180	6.48283
14	2	7.75476
14	8	8.8791
14	20	8.56114
14	39	4.5097
14	50	5.35249
14	73	5.22696
14	82	6.01625
14	91	4.03246
14	109	5.73975
14	119	5.3859
14	123	4.44935
14	142	0.0856526
14	145	11.6365
14	154	11.213
14	172	0.859019
15	47	5.1276
15	56	3.95274
15	65	3.69528
15	77	5.64801
15	95	7.06721
15	99	5.0624
15	101	4.66117
15	107	4.49867
15	114	5.83193
15	118	0.0384137
15	121	5.76088
15	125	5.46828
15	130	6.38497
15	136	5.96269
15	151	6.41793
15	190	14.7385
16	15	3.2416
16	31	4.23081
16	40	4.20616
16	43	5.84488
16	52	4.8102
16	64	7.01835
16	84	4.85999
16	95	6.87416
16	99	4.86935
16	104	15.2148
16	125	5.27523
16	130	6.19192
16	136	5.76964
16	137	1.77375
16	151	6.22488
17	11	4.02666
17	19	3.88669
17	23	3.72491
17	47	0.0279358
17	79	4.67425
17	81	4.55587
17	111	4.79508
17	124	5.02823
17	155	5.79631
17	160	5.81256
17	165	6.55299
17	169	6.42703
17	172	6.56937
17	173	6.18913
17	182	6.97427
17	197	17.0754
18	55	4.17162
18	59	4.46867
18	81	4.33816
18	103	13.6017
18	111	4.57737
18	124	4.81052
18	129	5.03135
18	156	5.27196
18	160	5.59486
18	165	6.33529
18	169	6.20932
18	172	6.35166
18	173	5.97143
18	175	6.63575
18	182	6.75656
18	183	6.50441
19	17	3.91451
19	26	3.35902
19	36	11.2226
19	59	4.37737
19	81	4.24686
19	124	4.71922
19	129	4.94005
19	148	5.05799
19	160	5.50356
19	165	6.24399
19	169	6.11802
19	172	6.26036
19	173	5.88013
19	175	6.54445
19	182	6.66526
19	188	8.64852
20	1	9.65453
20	43	0.0250021
20	74	4.62101
20	102	0.118644
20	109	5.1239
20	118	6.48716
20	120	6.05692
20	123	3.8335
20	140	4.24138
20	144	0.0351106
20	148	7.45309
20	156	10.1161
20	177	8.93382
20	181	4.50887
20	182	4.77907
21	3	5.04959
21	41	4.76366
21	58	4.69338
21	75	5.25593
21	82	0.312537
21	83	12.808
21	92	6.5881
21	102	6.00203
21	108	7.50852
21	115	5.04484
21	117	6.04612
21	126	6.06566
21	153	5.58105
21	179	8.17939
22	27	3.47407
22	83	3.62914
22	105	4.41579
22	122	4.08761
22	137	4.74401
22	143	5.0016
22	145	4.76721
22	157	5.15804
22	159	5.31714
22	162	5.26553
22	166	5.47484
22	174	5.98214
22	176	5.91909
22	179	6.10985
22	180	6.45057
23	12	11.4474
23	50	0.00487295
23	55	4.02084
23	81	4.18739
23	124	4.65975
23	155	5.42784
23	156	5.12119
23	160	5.44408
23	165	6.18451
23	169	6.05855
23	172	6.20089
23	173	5.82065
23	175	6.48498
23	182	6.60579
24	36	2.32581
24	128	3.80414
24	133	3.44904
24	140	3.67167
24	147	4.42637
24	150	4.44457
24	154	4.52039
24	181	5.45048
24	188	6.45706
24	189	6.14276
24	192	6.72069
24	195	6.44941
24	196	6.80682
24	197	7.05873
24	198	6.98582
24	199	7.20659
24	200	7.15715
25	42	4.00538
25	45	3.39555
25	61	3.60753
25	62	4.10427
25	76	4.14079
25	78	3.53877
25	103	3.97521
25	127	5.04134
25	161	5.92064
25	164	5.69008
25	171	5.97216
25	178	6.12944
25	183	6.41809
25	187	6.45623
26	18	3.52259
26	19	3.4345
26	51	3.52961
26	55	3.93714
26	80	4.3607
26	148	4.91481
26	155	5.34413
26	156	5.03748
26	160	5.36038
26	165	6.10081
26	172	6.11718
26	173	5.73695
26	175	6.40127
26	182	6.52208
27	13	3.25195
27	22	3.23534
27	38	3.86675
27	63	3.72093
27	83	3.89333
27	87	4.48346
27	143	5.2658
27	157	5.42224
27	159	5.58134
27	162	5.52973
27	166	5.73904
27	167	5.99922
27	174	6.24633
27	179	6.37405
27	180	6.71476
28	48	2.7042
28	54	2.75097
28	89	3.28146
28	132	4.50805
28	134	4.16075
28	140	4.02015
28	149	4.73118
28	154	4.86888
28	170	5.56684
28	181	5.79897
28	185	6.40116
28	188	6.80555
28	189	6.49125
28	192	7.06918
28	195	6.7979
28	196	7.1553
28	197	7.40721
28	198	7.33431
28	199	7.55508
28	200	7.50563
29	4	2.98561
29	48	3.07544
29	54	3.12221
29	70	3.75164
29	89	3.65269
29	90	3.55547
29	113	3.719
29	134	4.53198
29	140	4.39139
29	150	5.1643
29	170	5.93808
29	181	6.17021
29	185	6.7724
29	188	7.17679
29	192	7.44041
29	195	7.16914
29	196	7.52654
29	197	7.77845
29	198	7.70555
29	199	7.92631
29	200	7.87687
30	57	5.00954
30	67	4.75502
30	76	4.52543
30	78	3.92342
30	106	4.93492
30	127	5.42598
30	134	12.5694
30	139	0.0363811
30	144	5.78048
30	153	5.48288
30	161	6.30528
30	164	6.07473
30	178	6.51408
30	183	6.80273
30	187	6.84088
31	40	4.65842
31	43	6.29715
31	47	5.38681
31	56	4.21195
31	77	5.90722
31	92	0.143154
31	99	5.32161
31	101	4.92039
31	114	6.09114
31	125	5.72749
31	136	6.2219
31	151	6.67714
31	158	7.46009
31	184	10.9196
32	4	2.50245
32	36	2.56238
32	89	3.16953
32	90	3.07231
32	128	4.0407
32	146	4.33288
32	150	4.68114
32	170	5.45492
32	181	5.68705
32	185	6.28924
32	188	6.69363
32	192	6.95726
32	195	6.68598
32	196	7.04338
32	197	7.29529
32	198	7.22239
32	199	7.44315
32	200	7.39371
33	3	5.03895
33	5	3.85058
33	29	14.3484
33	58	4.68273
33	69	3.44242
33	75	5.24529
33	86	5.63964
33	92	6.57746
33	102	5.99139
33	108	7.49788
33	115	5.0342
33	116	5.38685
33	117	6.03548
33	175	4.7416
34	66	3.56221
34	71	3.34648
34	104	3.91807
34	131	4.52025
34	135	4.52142
34	138	4.34391
34	141	4.72095
34	158	4.91393
34	168	5.76464
34	177	6.05129
34	184	6.39472
34	186	6.31363
34	190	6.62908
34	191	6.619
34	193	6.97217
34	194	6.89183
35	7	3.67964
35	30	3.64571
35	57	4.66087
35	61	3.6435
35	67	4.40635
35	78	3.57474
35	100	4.74097
35	142	5.2252
35	144	5.43181
35	153	5.13421
35	171	6.00813
35	178	6.16541
35	183	6.45406
35	187	6.4922
36	48	2.44383
36	49	2.83928
36	54	2.4906
36	147	4.51448
36	149	4.47081
36	154	4.60851
36	185	6.14079
36	188	6.54518
36	189	6.23088
36	192	6.80881
36	195	6.53753
36	196	6.89493
36	198	7.07394
36	199	7.2947
36	200	7.24526
37	6	3.55045
37	22	3.38784
37	35	9.13171
37	38	4.01925
37	83	4.04583
37	143	5.41829
37	157	5.57474
37	159	5.73383
37	162	5.68223
37	167	6.15171
37	168	8.54345
37	174	6.39883
37	176	6.33578
37	179	6.52655
37	180	6.86726
38	37	4.16707
38	105	4.66767
38	122	4.33949
38	145	5.01908
38	157	5.40992
38	159	5.56902
38	162	5.51741
38	166	5.72672
38	167	5.9869
38	174	6.23401
38	176	6.17096
38	179	6.36173
38	180	6.70244
38	186	8.39163
38	199	10.1231
39	2	7.45255
39	24	10.302
39	50	5.05028
39	73	4.92475
39	74	4.93465
39	82	5.71404
39	109	5.43754
39	113	3.66796
39	118	6.80079
39	119	5.08369
39	120	6.37055
39	123	4.14714
39	135	9.03139
39	197	2.21588
40	20	1.33482
40	37	1.51537
40	47	5.59954
40	64	7.68335
40	84	5.52498
40	94	0.646421
40	99	5.53435
40	101	5.13312
40	107	4.97062
40	121	6.23283
40	125	5.94022
40	130	6.85692
40	136	6.43463
40	151	6.88987
41	33	3.94063
41	58	4.76347
41	86	5.72038
41	92	6.65819
41	94	5.96471
41	102	6.07213
41	106	0.0625837
41	108	7.57862
41	116	5.46759
41	117	6.11621
41	126	6.13576
41	168	13.3125
41	180	9.66411
41	195	0.671749
42	35	3.68388
42	45	3.84045
42	53	4.29808
42	60	4.28802
42	71	13.1266
42	93	5.13766
42	100	5.14989
42	110	1.55455
42	144	5.84073
42	161	6.36553
42	171	6.41706
42	178	6.57433
42	183	6.86298
42	187	6.90113
43	16	3.54798
43	21	0.120864
43	31	4.64029
43	40	4.61564
43	65	3.91171
43	77	5.86444
43	97	13.6779
43	101	4.8776
43	114	6.04836
43	136	6.17912
43	151	6.63436
43	176	9.17697
43	180	5.16932
43	190	1.50154
44	9	3.13533
44	68	3.87591
44	72	3.52427
44	88	3.82692
44	110	4.10889
44	131	4.59891
44	158	4.99259
44	163	5.50863
44	177	6.12995
44	184	6.47338
44	186	6.39229
44	190	6.70774
44	191	6.69766
44	193	7.05083
44	194	6.97049
45	7	3.80717
45	42	4.16888
45	60	4.00663
45	67	4.53388
45	76	4.30429
45	93	4.85627
45	103	4.13871
45	142	5.35273
45	153	5.26174
45	161	6.08414
45	164	5.85358
45	171	6.13567
45	183	6.58159
45	187	6.61974
46	12	2.90381
46	34	3.04862
46	68	3.90156
46	97	3.80523
46	135	4.62572
46	141	4.82525
46	152	5.09493
46	163	5.53427
46	168	5.86894
46	177	6.15559
46	184	6.49903
46	186	6.41793
46	190	6.73339
46	191	6.72331
46	193	7.07647
46	194	6.99613
47	2	0.0207884
47	16	3.78835
47	52	5.46004
47	56	4.40954
47	84	5.50983
47	99	5.5192
47	101	5.11797
47	121	6.21768
47	130	6.84177
47	136	6.41949
47	151	6.87473
47	161	14.2097
47	164	0.0962273
47	192	8.27517
48	29	3.27907
48	32	2.51416
48	70	3.11027
48	128	3.88249
48	132	4.23791
48	170	5.29671
48	188	6.53541
48	189	6.22111
48	192	6.79904
48	195	6.52776
48	196	6.88517
48	197	7.13708
48	198	7.06418
48	199	7.28494
48	200	7.2355
49	36	2.7458
49	89	3.35295
49	90	3.25573
49	132	4.57954
49	146	4.5163
49	147	4.84635
49	149	4.80268
49	154	4.94038
49	170	5.63834
49	181	5.87047
49	188	6.87705
49	189	6.56274
49	192	7.14067
49	195	6.8694
49	196	7.2268
49	197	7.47871
49	198	7.40581
49	199	7.62657
49	200	7.57713
50	1	10.1275
50	8	8.73621
50	10	2.75676
50	14	4.23603
50	20	8.41825
50	78	12.1715
50	91	3.88958
50	118	6.96012
50	119	5.24302
50	123	4.30646
50	129	0.0778958
50	131	9.08745
50	171	5.71713
50	172	1.24201
51	11	3.70855
51	19	3.56857
51	23	3.4068
51	55	4.07121
51	59	4.36826
51	98	3.81823
51	148	5.04887
51	155	5.4782
51	156	5.17155
51	165	6.23487
51	169	6.10891
51	173	5.87102
51	175	6.53534
51	182	6.65615
52	22	8.99108
52	40	4.53833
52	62	0.314823
52	64	7.35053
52	65	3.83441
52	77	5.78714
52	84	5.19216
52	99	5.20153
52	114	5.97105
52	121	5.90001
52	125	5.6074
52	147	2.39556
52	151	6.55706
52	188	15.2835
53	45	3.85101
53	61	4.06298
53	62	4.55973
53	100	5.16045
53	106	5.00573
53	109	0.0231912
53	127	5.49679
53	142	5.64468
53	161	6.37609
53	162	14.9029
53	164	6.14554
53	171	6.42762
53	178	6.58489
53	183	6.87354
53	187	6.91169
54	24	2.20776
54	70	3.16162
54	146	4.22602
54	147	4.55607
54	150	4.57428
54	154	4.6501
54	181	5.58018
54	185	6.18238
54	188	6.58676
54	192	6.85039
54	195	6.57912
54	196	6.93652
54	197	7.18843
54	198	7.11553
54	199	7.33629
54	200	7.28685
55	10	1.73183
55	26	3.60678
55	98	4.0751
55	115	3.42897
55	124	4.96699
55	129	5.18781
55	155	5.73507
55	156	5.42842
55	160	5.75132
55	165	6.49175
55	169	6.36578
55	172	6.50812
55	175	6.79221
55	182	6.91302
56	16	3.32073
56	43	6.02711
56	51	10.151
56	64	7.20058
56	65	3.68446
56	95	7.05638
56	107	4.48785
56	114	5.82111
56	121	5.75006
56	125	5.45746
56	130	6.37415
56	136	5.95187
56	151	6.40711
56	196	8.07445
57	13	8.71355
57	45	3.66816
57	61	3.88014
57	74	0.0561241
57	93	4.96538
57	100	4.97761
57	103	4.24782
57	106	4.82289
57	144	5.66845
57	152	20.9735
57	153	5.37085
57	161	6.19325
57	164	5.96269
57	187	6.72885
58	5	3.77706
58	33	3.78638
58	44	9.26634
58	69	3.3689
58	75	5.17177
58	92	6.50394
58	94	5.81045
58	102	5.91787
58	108	7.42436
58	116	5.31333
58	117	5.96196
58	126	5.9815
58	138	16.6046
58	173	4.25512
59	18	4.09422
59	51	4.10124
59	55	4.50877
59	79	4.7937
59	80	4.93234
59	84	0.00832637
59	98	4.25579
59	124	5.14768
59	129	5.3685
59	156	5.60912
59	165	6.67244
59	169	6.54647
59	175	6.97291
59	182	7.09371
59	192	16.4849
60	35	3.51364
60	45	3.6702
60	61	3.88218
60	93	4.96742
60	127	5.31599
60	144	5.67049
60	146	9.46625
60	153	5.37289
60	161	6.19529
60	164	5.96473
60	167	11.6956
60	178	6.40409
60	183	6.69274
60	187	6.73088
61	7	3.87913
61	42	4.24084
61	57	4.86035
61	76	4.37625
61	93	4.92823
61	100	4.94046
61	103	4.21067
61	142	5.42469
61	144	5.6313
61	153	5.3337
61	161	6.1561
61	171	6.20762
61	178	6.3649
61	187	6.69169
62	53	4.1621
62	61	3.91644
62	67	4.67929
62	78	3.84768
62	100	5.01391
62	103	4.28412
62	142	5.49814
62	161	6.22955
62	171	6.28107
62	173	18.1219
62	178	6.43835
62	183	6.727
62	187	6.76514
62	199	5.72736
63	37	4.02203
63	83	3.73597
63	85	4.58262
63	105	4.52262
63	137	4.85084
63	139	5.0925
63	145	4.87404
63	157	5.26487
63	166	5.58167
63	167	5.84185
63	174	6.08897
63	176	6.02592
63	179	6.21668
63	180	6.5574
64	31	4.24467
64	41	0.0827096
64	45	10.1945
64	52	4.82406
64	77	5.46882
64	84	4.87385
64	99	4.88321
64	116	0.28633
64	121	5.58169
64	125	5.28909
64	142	0.0879013
64	149	15.1829
64	155	0.00833078
64	163	9.45891
65	31	4.36978
65	40	4.34513
65	52	4.94916
65	56	3.89866
65	64	7.15732
65	77	5.59393
65	84	4.99895
65	95	7.01312
65	99	5.00832
65	101	4.60709
65	107	4.44459
65	114	5.77785
65	130	6.33089
65	151	6.36385
66	72	3.71988
66	88	4.02253
66	96	3.8086
66	104	4.19234
66	110	4.3045
66	112	4.2354
66	138	4.61818
66	141	4.99522
66	163	5.70424
66	168	6.03891
66	184	6.66899
66	186	6.5879
66	190	6.90335
66	191	6.89327
66	193	7.24643
66	194	7.16609
67	7	4.29565
67	35	3.89097
67	53	4.50517
67	60	4.49511
67	69	12.5906
67	76	4.79277
67	78	4.19076
67	95	0.000784493
67	100	5.35698
67	106	5.20226
67	161	6.57262
67	178	6.78142
67	183	7.07007
67	187	7.10822
68	34	3.31586
68	46	3.5795
68	66	3.93376
68	71	3.71802
68	96	3.90587
68	104	4.28962
68	110	4.40178
68	138	4.71546
68	152	5.36217
68	163	5.80151
68	177	6.42283
68	190	7.00063
68	191	6.99054
68	193	7.34371
68	194	7.26337
69	3	4.88751
69	5	3.69913
69	21	4.43529
69	41	4.60158
69	58	4.53129
69	86	5.4882
69	92	6.42602
69	94	5.73253
69	102	5.83995
69	108	7.34644
69	115	4.88276
69	116	5.23541
69	117	5.88403
69	126	5.90358
70	54	2.9698
70	90	3.40306
70	128	4.37145
70	132	4.72687
70	133	4.01636
70	147	4.99368
70	149	4.95001
70	150	5.01189
70	154	5.08771
70	181	6.0178
70	185	6.61999
70	189	6.71007
70	192	7.288
70	195	7.01673
70	196	7.37413
70	197	7.62604
70	198	7.55314
70	199	7.7739
70	200	7.72446
71	9	3.17037
71	44	3.34754
71	68	3.91095
71	88	3.86196
71	112	4.07483
71	131	4.63395
71	163	5.54366
71	168	5.87833
71	177	6.16498
71	184	6.50842
71	186	6.42732
71	190	6.74278
71	191	6.7327
71	193	7.08586
71	194	7.00552
72	9	3.21982
72	34	3.10746
72	88	3.9114
72	96	3.69747
72	104	4.08122
72	135	4.68456
72	152	5.15377
72	168	5.92778
72	177	6.21443
72	184	6.55786
72	186	6.47677
72	190	6.79222
72	191	6.78214
72	193	7.13531
72	194	7.05497
73	1	9.70627
73	8	8.31499
73	18	0.221383
73	20	7.99703
73	28	13.471
73	74	4.67275
73	91	3.46836
73	118	6.5389
73	119	4.8218
73	120	6.10866
73	123	3.88524
73	169	0.0195178
73	191	5.95483
73	193	14.2878
74	10	3.36459
74	14	4.84385
74	39	4.97464
74	50	5.81743
74	56	0.0387533
74	73	5.6919
74	82	6.48119
74	91	4.4974
74	109	6.20469
74	112	10.0991
74	118	7.56794
74	120	7.1377
74	123	4.91429
74	198	9.48095
75	5	4.23601
75	21	4.97217
75	41	5.13846
75	69	3.82786
75	86	6.02508
75	92	6.9629
75	94	6.26941
75	113	11.1232
75	115	5.41964
75	116	5.77229
75	117	6.42091
75	127	0.00511615
75	175	8.75291
75	181	8.10991
76	5	0.0485639
76	25	3.5323
76	53	4.42434
76	62	4.67543
76	93	5.26392
76	103	4.54636
76	142	5.76038
76	144	5.96699
76	153	5.66939
76	164	6.26123
76	171	6.54332
76	178	6.70059
76	183	6.98924
76	185	14.5699
76	187	7.02739
77	25	8.35882
77	46	11.287
77	47	5.10625
77	65	3.67394
77	84	5.03169
77	91	0.0658265
77	95	7.04586
77	114	5.81058
77	119	0.162031
77	121	5.73954
77	130	6.36363
77	136	5.94134
77	151	6.39659
77	189	9.56257
78	45	3.58042
78	53	4.03805
78	61	3.7924
78	62	4.28914
78	67	4.55524
78	103	4.16007
78	142	5.37409
78	144	5.5807
78	161	6.1055
78	164	5.87495
78	171	6.15703
78	178	6.3143
78	183	6.60295
78	187	6.6411
79	11	4.12394
79	17	4.32079
79	18	4.07205
79	55	4.4866
79	75	1.67974
79	81	4.65315
79	86	2.7743
79	156	5.58695
79	160	5.90984
79	165	6.65027
79	169	6.52431
79	172	6.66665
79	173	6.28641
79	175	6.95074
79	182	7.07154
80	23	3.87223
80	31	0.21113
80	51	4.12911
80	55	4.53664
80	59	4.83369
80	79	4.82157
80	110	13.1322
80	111	4.94239
80	148	5.51431
80	155	5.94363
80	165	6.70031
80	169	6.57434
80	172	6.71668
80	173	6.33645
80	175	7.00078
81	11	4.05408
81	23	3.75233
81	102	1.37395
81	111	4.82249
81	119	1.3549
81	148	5.39441
81	155	5.82373
81	156	5.51709
81	160	5.83998
81	165	6.58041
81	169	6.45445
81	172	6.59679
81	173	6.21655
81	175	6.88088
81	182	7.00168
82	8	8.80031
82	39	4.43092
82	50	5.27371
82	73	5.14818
82	74	5.15807
82	91	3.95368
82	105	0.0715816
82	118	7.02422
82	119	5.30712
82	123	4.37056
82	148	9.8738
82	154	7.86703
82	159	7.23538
82	187	9.073
83	85	4.63464
83	87	4.37811
83	105	4.57464
83	122	4.24646
83	137	4.90286
83	139	5.14452
83	143	5.16045
83	159	5.47599
83	162	5.42438
83	167	5.89387
83	174	6.14099
83	176	6.07794
83	179	6.2687
83	180	6.60941
84	15	3.82642
84	16	3.72332
84	47	5.51937
84	65	4.08705
84	90	15.4239
84	95	7.45897
84	101	5.05294
84	107	4.89044
84	114	6.2237
84	121	6.15265
84	130	6.77674
84	151	6.8097
84	165	5.20972
84	178	0.014746
85	6	3.70356
85	22	3.54094
85	27	4.04387
85	63	4.02653
85	137	5.31381
85	143	5.5714
85	153	12.5348
85	157	5.72784
85	159	5.88694
85	163	11.4512
85	166	6.04464
85	174	6.55194
85	176	6.48889
85	179	6.67965
85	180	7.02037
86	33	3.84494
86	42	0.0712392
86	53	0.0376494
86	75	5.23034
86	94	5.86902
86	102	5.97644
86	108	7.48293
86	115	5.01925
86	116	5.3719
86	117	6.02052
86	126	6.04007
86	131	6.5571
86	150	22.0642
86	167	6.3534
87	13	3.40979
87	63	3.87877
87	81	5.63306
87	128	16.8747
87	139	5.4077
87	145	5.18924
87	157	5.58008
87	159	5.73917
87	162	5.68756
87	166	5.89687
87	167	6.15705
87	174	6.40417
87	176	6.34112
87	179	6.53189
87	180	6.8726
88	34	3.2351
88	44	3.52462
88	72	3.73638
88	104	4.20885
88	112	4.25191
88	131	4.81103
88	138	4.63469
88	163	5.72074
88	168	6.05541
88	177	6.34206
88	184	6.6855
88	186	6.6044
88	190	6.91986
88	193	7.26294
88	194	7.1826
89	49	3.1204
89	70	3.40115
89	128	4.17337
89	134	4.18149
89	147	4.7956
89	150	4.81381
89	170	5.58759
89	185	6.42191
89	189	6.51199
89	192	7.08992
89	195	6.81865
89	196	7.17605
89	197	7.42796
89	198	7.35506
89	199	7.57582
89	200	7.52638
90	70	3.377
90	89	3.27805
90	128	4.14922
90	134	4.15734
90	146	4.4414
90	150	4.78965
90	170	5.56343
90	181	5.79556
90	185	6.39775
90	188	6.80214
90	192	7.06577
90	195	6.79449
90	196	7.1519
90	197	7.4038
90	198	7.3309
90	199	7.55167
90	200	7.50223
91	1	10.24
91	2	7.72436
91	8	8.84869
91	14	4.34851
91	39	4.4793
91	50	5.32209
91	73	5.19656
91	74	5.20646
91	82	5.98585
91	85	0.051468
91	118	7.0726
91	119	5.3555
91	120	6.64236
91	123	4.41895
91	133	16.799
92	21	4.52733
92	40	3.52028
92	41	4.69362
92	58	4.62333
92	64	0.00899085
92	75	5.18589
92	115	4.9748
92	116	5.32745
92	117	5.97608
92	122	14.4935
92	126	5.99562
92	136	0.157588
92	146	8.75427
92	184	7.05142
93	7	4.28063
93	25	3.59811
93	35	3.87595
93	57	5.26186
93	60	4.48009
93	62	4.74124
93	66	12.9623
93	78	4.17574
93	103	4.61217
93	142	5.82619
93	178	6.7664
93	183	7.05505
93	187	7.0932
93	198	4.9685
94	5	4.65062
94	21	5.38678
94	33	4.65994
94	41	5.55307
94	60	0.0838726
94	69	4.24247
94	75	6.04534
94	89	14.0385
94	92	7.37751
94	102	6.79144
94	115	5.83425
94	125	0.0149974
94	126	6.85507
94	162	5.55813
95	40	3.99079
95	47	4.71918
95	49	13.6683
95	56	3.54432
95	65	3.28687
95	79	3.85606
95	101	4.25275
95	107	4.09025
95	133	1.07446
95	136	5.55427
95	145	4.84788
95	151	6.00951
95	187	5.63028
95	189	7.72945
96	12	2.96756
96	46	3.37601
96	66	3.73026
96	135	4.68947
96	141	4.889
96	152	5.15867
96	163	5.59802
96	168	5.93269
96	177	6.21934
96	184	6.56277
96	186	6.48168
96	190	6.79713
96	191	6.78705
96	193	7.14022
96	194	7.05988
97	44	3.49372
97	46	3.46784
97	72	3.70548
97	112	4.22101
97	135	4.78129
97	138	4.60379
97	141	4.98083
97	152	5.2505
97	158	5.17381
97	163	5.68984
97	184	6.6546
97	190	6.88896
97	191	6.87888
97	193	7.23204
97	194	7.1517
98	19	3.55183
98	51	3.64693
98	79	4.33939
98	80	4.47803
98	129	4.9142
98	148	5.03213
98	155	5.46145
98	156	5.15481
98	160	5.4777
98	169	6.09217
98	172	6.23451
98	173	5.85427
98	175	6.5186
98	182	6.6394
99	15	3.76415
99	16	3.66105
99	40	4.72871
99	43	6.36743
99	52	5.33275
99	64	7.5409
99	101	4.99067
99	107	4.82817
99	114	6.16143
99	125	5.79778
99	134	4.3119
99	151	6.74743
99	183	10.4519
99	199	9.41874
100	30	4.29459
100	45	4.08041
100	57	5.30975
100	60	4.52799
100	62	4.78913
100	65	10.8173
100	67	5.05523
100	72	11.5545
100	93	5.37763
100	153	5.7831
100	161	6.6055
100	164	6.37494
100	171	6.65702
100	183	7.10295
100	187	7.14109
101	30	0.618753
101	40	4.76234
101	43	6.40106
101	47	5.49073
101	52	5.36637
101	64	7.57453
101	95	7.43033
101	107	4.8618
101	114	6.19506
101	120	0.143873
101	121	6.12401
101	125	5.83141
101	130	6.7481
101	151	6.78106
102	5	4.4908
102	14	0.0177496
102	33	4.50012
102	41	5.39325
102	69	4.08265
102	75	5.88551
102	86	6.27987
102	94	6.5242
102	96	12.7059
102	100	0.0314727
102	115	5.67443
102	117	6.6757
102	126	6.69525
102	181	13.6457
103	7	3.95834
103	25	3.27582
103	57	4.93957
103	76	4.45546
103	78	3.85345
103	106	4.86495
103	127	5.35601
103	144	5.71051
103	153	5.41291
103	161	6.23531
103	171	6.28684
103	178	6.44411
103	183	6.73276
103	187	6.77091
104	44	3.59859
104	68	4.162
104	72	3.81035
104	88	4.11301
104	112	4.32588
104	131	4.885
104	152	5.35537
104	158	5.27868
104	163	5.79471
104	168	6.12938
104	177	6.41603
104	184	6.75947
104	190	6.99383
104	191	6.98375
104	193	7.33691
104	194	7.25657
105	83	4.16706
105	85	5.01371
105	101	7.05699
105	132	11.1966
105	137	5.28194
105	139	5.5236
105	143	5.53952
105	145	5.30513
105	162	5.80346
105	166	6.01276
105	167	6.27294
105	174	6.52006
105	176	6.45701
105	179	6.64778
105	180	6.98849
106	42	4.56158
106	48	11.1599
106	53	4.40939
106	61	4.16374
106	103	4.53141
106	142	5.74543
106	144	5.95204
106	153	5.65445
106	164	6.24629
106	171	6.52837
106	178	6.68564
106	183	6.97429
106	186	9.83913
106	187	7.01244
107	15	3.69082
107	16	3.58771
107	31	4.68002
107	47	5.38376
107	56	4.2089
107	64	7.46756
107	65	3.95145
107	77	5.90417
107	99	5.31857
107	101	4.91734
107	121	6.01705
107	130	6.64113
107	136	6.21885
107	151	6.67409
108	1	0.255196
108	8	0.0838054
108	21	3.92026
108	86	4.97317
108	92	5.91099
108	94	5.2175
108	114	0.0898004
108	116	4.72038
108	126	5.38855
108	141	9.58556
108	165	2.46835
108	187	13.525
108	191	12.7118
108	194	3.97145
109	1	10.6008
109	10	3.23003
109	50	5.68287
109	68	12.0199
109	73	5.55735
109	82	6.34664
109	91	4.36285
109	116	0.027291
109	118	7.43339
109	119	5.71629
109	120	7.00315
109	123	4.77973
109	137	14.8182
109	151	0.0235688
110	9	3.46196
110	68	4.20254
110	88	4.15354
110	97	4.10621
110	131	4.92554
110	135	4.9267
110	141	5.12623
110	158	5.31921
110	163	5.83525
110	177	6.45657
110	186	6.71891
110	190	7.03437
110	191	7.02429
110	193	7.37745
110	194	7.29711
111	18	3.95
111	80	4.78811
111	98	4.11157
111	129	5.22428
111	130	0.00336484
111	148	5.34221
111	155	5.77154
111	160	5.78778
111	165	6.52821
111	169	6.40225
111	170	18.7009
111	172	6.54459
111	173	6.16436
111	175	6.82868
111	182	6.94949
112	44	3.57687
112	68	4.14028
112	96	3.87736
112	97	4.04396
112	138	4.68694
112	158	5.25696
112	163	5.773
112	168	6.10766
112	177	6.39431
112	184	6.73775
112	186	6.65665
112	190	6.97211
112	191	6.96203
112	193	7.31519
112	194	7.23485
113	29	3.54366
113	89	3.27592
113	146	4.43927
113	149	4.72564
113	154	4.86334
113	170	5.5613
113	181	5.79343
113	185	6.39562
113	189	6.48571
113	192	7.06364
113	195	6.79236
113	196	7.14977
113	197	7.40168
113	198	7.32877
113	199	7.54954
113	200	7.5001
114	15	3.84774
114	17	0.0992671
114	31	4.83695
114	43	6.45102
114	52	5.41634
114	56	4.36583
114	65	4.10837
114	77	6.0611
114	107	4.91176
114	125	5.88137
114	130	6.79806
114	186	10.1866
114	194	6.74098
114	196	11.1423
115	3	5.48946
115	33	4.3104
115	58	5.13324
115	61	12.3378
115	69	3.89293
115	75	5.69579
115	86	6.09015
115	92	7.02797
115	99	0.000906349
115	102	6.4419
115	108	7.94839
115	116	5.83736
115	117	6.48598
115	169	0.0096377
116	3	5.72152
116	21	5.2693
116	41	5.43559
116	69	4.12499
116	86	6.32221
116	92	7.26003
116	94	6.56654
116	108	8.18045
116	115	5.71677
116	117	6.71805
116	120	0.212175
116	121	0.364772
116	124	14.343
116	126	6.73759
117	3	5.32801
117	5	4.13963
117	7	0.00360917
117	41	5.04208
117	69	3.73148
117	75	5.53434
117	76	0.0211712
117	102	6.28045
117	108	7.78694
117	115	5.32326
117	126	6.34408
117	176	15.5224
117	180	11.5147
117	192	5.19669
118	10	3.32122
118	14	4.80048
118	39	4.93127
118	58	0.162937
118	74	5.65842
118	82	6.43782
118	91	4.45403
118	98	11.9443
118	109	6.16132
118	119	5.80747
118	123	4.87091
118	171	9.22084
118	185	1.24811
118	196	8.6842
119	1	10.5131
119	10	3.1424
119	14	4.62167
119	20	8.80389
119	39	4.75245
119	50	5.59524
119	54	11.5644
119	74	5.47961
119	82	6.25901
119	91	4.27522
119	109	5.9825
119	120	6.91552
119	171	6.67856
119	175	9.79373
120	2	8.07345
120	10	3.21834
120	14	4.6976
120	20	8.87982
120	39	4.82839
120	73	5.54565
120	91	4.35115
120	109	6.05844
120	119	5.70459
120	127	0.0117579
120	157	11.6726
120	160	9.02787
120	183	9.29476
120	196	7.48582
121	15	3.80785
121	31	4.79706
121	33	0.0250661
121	47	5.5008
121	56	4.32594
121	84	5.42624
121	95	7.4404
121	99	5.4356
121	101	5.03437
121	107	4.87187
121	136	6.33589
121	140	12.3102
121	143	11.8672
121	200	5.75759
122	6	3.42797
122	13	3.28198
122	37	4.20941
122	85	4.77001
122	105	4.71001
122	139	5.27989
122	157	5.45226
122	162	5.55975
122	166	5.76906
122	167	6.02924
122	174	6.27636
122	176	6.21331
122	179	6.40407
122	180	6.74478
123	2	7.80394
123	8	8.92827
123	20	8.61031
123	39	4.55888
123	50	5.40167
123	73	5.27614
123	74	5.28604
123	82	6.06543
123	91	4.08164
123	100	0.0288328
123	109	5.78893
123	118	7.15218
123	120	6.72194
123	147	19.5441
124	23	3.74323
124	26	3.68634
124	51	4.00011
124	59	4.70469
124	80	4.8312
124	98	4.15466
124	111	4.81339
124	155	5.81463
124	156	5.50798
124	160	5.83088
124	172	6.58768
124	173	6.20745
124	175	6.87177
124	182	6.99258
125	3	0.0183913
125	15	4.05598
125	16	3.95288
125	43	6.65926
125	52	5.62457
125	84	5.67437
125	88	13.6946
125	95	7.68853
125	107	5.12
125	111	0.0412107
125	114	6.45326
125	121	6.38221
125	136	6.58402
125	151	7.03926
126	3	5.23143
126	4	12.2308
126	55	4.42706
126	58	4.87521
126	69	3.6349
126	86	5.83212
126	94	6.07645
126	102	6.18386
126	108	7.69036
126	115	5.22667
126	116	5.57933
126	123	0.0340722
126	136	0.134142
126	170	9.14183
127	42	4.59441
127	57	5.21393
127	87	0.0586278
127	93	5.2818
127	106	5.13931
127	144	5.98487
127	153	5.68727
127	158	11.9286
127	161	6.50967
127	164	6.27911
127	178	6.71847
127	183	7.00712
127	187	7.04526
127	200	11.8057
128	24	2.87508
128	49	3.54819
128	89	3.72999
128	113	3.7963
128	132	4.95658
128	140	4.46869
128	146	4.89334
128	147	5.22339
128	149	5.17971
128	181	6.2475
128	188	7.25408
128	189	6.93978
128	192	7.51771
128	197	7.85575
128	198	7.78285
128	199	8.00361
128	200	7.95417
129	6	10.2794
129	11	4.0848
129	19	3.94483
129	26	3.72617
129	80	4.87103
129	81	4.61401
129	124	5.08637
129	148	5.42513
129	155	5.85445
129	159	12.791
129	165	6.61113
129	172	6.62751
129	173	6.24727
129	175	6.9116
129	182	7.0324
130	15	3.66813
130	31	4.65734
130	43	6.27141
130	64	7.44488
130	77	5.88149
130	84	5.28652
130	109	0.0456375
130	125	5.70176
130	136	6.19617
130	151	6.65141
130	160	10.1696
130	166	10.6805
130	197	10.2857
130	200	4.81627
131	88	4.25534
131	96	4.04141
131	97	4.20801
131	104	4.42515
131	110	4.53731
131	112	4.46821
131	135	5.0285
131	158	5.42101
131	168	6.27171
131	177	6.55836
131	184	6.9018
131	186	6.8207
131	190	7.13616
131	191	7.12608
131	193	7.47924
132	24	3.11897
132	28	3.59274
132	48	3.39662
132	90	3.87665
132	128	4.84504
132	140	4.71257
132	147	5.46727
132	149	5.4236
132	150	5.48548
132	170	6.25926
132	181	6.49139
132	185	7.09358
132	188	7.49797
132	189	7.18367
132	196	7.84772
132	197	8.09963
132	198	8.02673
132	199	8.24749
132	200	8.19805
133	128	4.36878
133	132	4.7242
133	140	4.23631
133	146	4.66096
133	150	5.00922
133	154	5.08504
133	170	5.783
133	185	6.61732
133	188	7.0217
133	189	6.7074
133	192	7.28533
133	195	7.01406
133	196	7.37146
133	197	7.62337
133	198	7.55047
133	199	7.77123
133	200	7.72179
134	28	3.26112
134	49	3.46045
134	70	3.74121
134	90	3.54503
134	132	4.86885
134	146	4.80561
134	154	5.22968
134	181	6.15977
134	185	6.76196
134	189	6.85205
134	192	7.42998
134	195	7.1587
134	197	7.76802
134	198	7.69512
134	199	7.91588
134	200	7.86644
135	12	3.29034
135	71	3.83731
135	72	3.93644
135	97	4.19176
135	110	4.52106
135	138	4.83475
135	141	5.21178
135	163	5.9208
135	177	6.54212
135	184	6.88555
135	186	6.80446
135	190	7.11992
135	191	7.10983
135	193	7.463
135	194	7.38266
136	38	0.0719573
136	40	4.46381
136	43	6.10253
136	64	7.276
136	65	3.75989
136	77	5.71261
136	95	7.13181
136	114	5.89653
136	121	5.82548
136	125	5.53288
136	130	6.44957
136	166	10.2689
136	177	15.6496
136	191	12.5549
137	6	3.68955
137	22	3.52694
137	83	4.18493
137	122	4.64341
137	139	5.54147
137	145	5.323
137	157	5.71384
137	159	5.87294
137	162	5.82133
137	166	6.03064
137	167	6.29082
137	174	6.53794
137	176	6.47488
137	179	6.66565
137	180	7.00636
138	12	3.18067
138	46	3.58912
138	96	3.91549
138	97	4.08209
138	141	5.10211
138	152	5.37179
138	158	5.29509
138	163	5.81113
138	168	6.1458
138	177	6.43245
138	186	6.69479
138	190	7.01025
138	191	7.00017
138	193	7.35333
138	194	7.27299
139	37	4.58592
139	38	4.27328
139	83	4.29986
139	87	4.88999
139	105	5.08652
139	118	0.000876796
139	137	5.41474
139	143	5.67232
139	162	5.93626
139	166	6.14557
139	174	6.65286
139	176	6.58981
139	179	6.78058
139	180	7.12129
139	200	18.7924
140	49	3.27779
140	128	4.33076
140	132	4.68619
140	134	4.33888
140	154	5.04702
140	181	5.97711
140	188	6.98369
140	189	6.66939
140	192	7.24732
140	195	6.97604
140	196	7.33344
140	197	7.58535
140	198	7.51245
140	199	7.73321
140	200	7.68377
141	66	4.12829
141	96	4.1004
141	97	4.267
141	104	4.48415
141	110	4.5963
141	138	4.90999
141	152	5.5567
141	163	5.99604
141	168	6.33071
141	177	6.61736
141	184	6.96079
141	186	6.8797
141	190	7.19515
141	191	7.18507
141	193	7.53824
141	194	7.4579
142	25	3.58685
142	45	4.02125
142	53	4.47889
142	57	5.2506
142	132	7.78913
142	144	6.02154
142	153	5.72394
142	161	6.54634
142	164	6.31578
142	171	6.59786
142	178	6.75514
142	183	7.04379
142	187	7.08193
142	190	14.564
143	27	4.09187
143	37	4.533
143	63	4.07454
143	83	4.24694
143	87	4.83707
143	122	4.70542
143	137	5.36182
143	139	5.60348
143	145	5.38501
143	159	5.93494
143	162	5.88334
143	174	6.59994
143	176	6.53689
143	179	6.72766
143	180	7.06837
144	30	4.37647
144	35	4.00572
144	62	4.871
144	76	4.90752
144	103	4.74194
144	106	5.31701
144	117	0.145415
144	151	0.0949743
144	153	5.86497
144	161	6.68737
144	171	6.73889
144	183	7.18482
144	187	7.22296
144	194	19.5216
145	13	3.43306
145	83	4.07444
145	85	4.92109
145	122	4.53291
145	139	5.43097
145	157	5.60334
145	159	5.76244
145	162	5.71083
145	166	5.92014
145	167	6.18032
145	174	6.42744
145	176	6.36439
145	179	6.55515
145	180	6.89587
146	29	3.94536
146	48	3.10036
146	133	4.19369
146	140	4.41631
146	149	5.12734
146	150	5.18922
146	154	5.26504
146	185	6.79732
146	188	7.20171
146	189	6.88741
146	195	7.19406
146	196	7.55146
146	197	7.80337
146	198	7.73047
146	199	7.95123
146	200	7.90179
147	24	3.09103
147	29	4.21369
147	49	3.76413
147	133	4.46201
147	140	4.68464
147	149	5.39566
147	150	5.45755
147	154	5.53336
147	170	6.23132
147	185	7.06564
147	188	7.47003
147	189	7.15573
147	192	7.73366
147	195	7.46238
147	196	7.81979
147	197	8.0717
147	198	7.9988
147	199	8.21956
147	200	8.17012
148	11	3.96417
148	17	4.16102
148	79	4.61176
148	111	4.73258
148	124	4.96574
148	129	5.18657
148	155	5.73382
148	156	5.42718
148	165	6.4905
148	169	6.36454
148	172	6.50688
148	173	6.12664
148	175	6.79097
148	182	6.91177
149	28	3.36745
149	36	3.14143
149	70	3.84754
149	89	3.74859
149	133	4.26466
149	134	4.62788
149	170	6.03397
149	185	6.86829
149	188	7.27268
149	189	6.95838
149	192	7.53631
149	196	7.62244
149	197	7.87435
149	198	7.80144
149	199	8.02221
149	200	7.97277
150	4	3.285
150	36	3.34493
150	70	4.05104
150	90	3.85486
150	132	5.17868
150	133	4.46816
150	140	4.69079
150	146	5.11544
150	147	5.44549
150	154	5.53951
150	185	7.07179
150	189	7.16188
150	192	7.73981
150	195	7.46853
150	196	7.82594
150	197	8.07785
150	198	8.00494
150	199	8.22571
150	200	8.17627
151	16	3.42976
151	32	12.3511
151	52	5.10145
151	56	4.05095
151	84	5.15124
151	94	0.175261
151	95	7.16541
151	99	5.16061
151	114	5.93014
151	121	5.85909
151	130	6.48318
151	136	6.0609
151	174	14.5118
151	189	14.9083
152	34	3.59786
152	46	3.8615
152	66	4.21576
152	71	4.00002
152	72	4.09915
152	97	4.35447
152	131	5.17379
152	158	5.56747
152	163	6.08351
152	168	6.41818
152	177	6.70483
152	184	7.04826
152	186	6.96717
152	190	7.28262
152	191	7.27254
152	193	7.62571
152	194	7.54537
153	25	3.47563
153	42	4.51986
153	53	4.36767
153	57	5.13937
153	78	4.05325
153	93	5.20725
153	106	5.06476
153	127	5.55581
153	161	6.43512
153	164	6.20456
153	171	6.48664
153	178	6.64391
153	183	6.93256
153	187	6.97071
154	29	3.98203
154	36	3.10713
154	89	3.71429
154	128	4.58546
154	149	5.16401
154	150	5.22589
154	170	5.99967
154	181	6.2318
154	188	7.23838
154	189	6.92408
154	195	7.23073
154	196	7.58814
154	198	7.76714
154	199	7.98791
154	200	7.93847
155	18	4.13016
155	26	3.82341
155	51	4.13718
155	73	0.505381
155	79	4.82964
155	148	5.52238
155	156	5.64505
155	160	5.96795
155	165	6.70838
155	169	6.58241
155	172	6.72475
155	173	6.34452
155	175	7.00884
155	182	7.12965
155	198	20.9745
156	26	3.60419
156	79	4.61041
156	80	4.74905
156	124	4.96439
156	129	5.18522
156	148	5.30315
156	155	5.73247
156	160	5.74872
156	165	6.48915
156	169	6.36319
156	172	6.50553
156	173	6.12529
156	175	6.78962
156	182	6.91043
157	38	4.18281
157	63	4.03699
157	85	5.05604
157	122	4.66787
157	137	5.32427
157	139	5.56592
157	143	5.58185
157	145	5.34746
157	162	5.84578
157	166	6.05509
157	167	6.31527
157	174	6.56239
157	176	6.49934
157	179	6.69011
157	180	7.03082
158	9	3.56359
158	44	3.74076
158	96	4.04124
158	131	5.02716
158	138	4.85083
158	152	5.49754
158	163	5.93688
158	168	6.27155
158	177	6.5582
158	184	6.90163
158	186	6.82054
158	190	7.136
158	191	7.12591
158	193	7.47908
158	194	7.39874
159	13	3.59036
159	27	4.07667
159	63	4.05934
159	122	4.69022
159	137	5.34662
159	139	5.58828
159	143	5.6042
159	157	5.76065
159	162	5.86814
159	166	6.07744
159	167	6.33762
159	174	6.58474
159	176	6.52169
159	179	6.71246
159	180	7.05317
160	17	4.25358
160	18	4.00484
160	51	4.01186
160	59	4.71644
160	80	4.84295
160	81	4.58594
160	111	4.82514
160	148	5.39706
160	155	5.82638
160	169	6.45709
160	172	6.59943
160	173	6.2192
160	175	6.88352
160	182	7.00433
161	25	3.81962
161	45	4.25402
161	62	4.96274
161	67	5.22885
161	77	1.77002
161	78	4.39724
161	106	5.40875
161	108	0.817023
161	127	5.89981
161	142	6.0477
161	164	6.54855
161	171	6.83063
161	178	6.98791
161	183	7.27656
161	187	7.3147
162	22	3.44862
162	85	4.95326
162	87	4.69674
162	105	4.89327
162	137	5.22149
162	139	5.46315
162	145	5.24468
162	159	5.79461
162	166	5.95231
162	167	6.21249
162	174	6.45961
162	176	6.39656
162	179	6.58733
162	180	6.92804
163	9	3.67374
163	46	3.82503
163	66	4.17928
163	88	4.36533
163	104	4.53514
163	110	4.6473
163	112	4.5782
163	152	5.60769
163	158	5.531
163	184	7.01179
163	186	6.93069
163	190	7.24615
163	191	7.23607
163	193	7.58923
163	194	7.50889
164	30	4.20125
164	34	11.7108
164	60	4.43465
164	76	4.73231
164	93	5.28429
164	100	5.29652
164	127	5.63286
164	142	5.78075
164	144	5.98736
164	153	5.68976
164	178	6.72096
164	183	7.00961
164	187	7.04775
164	199	16.6182
165	19	4.26816
165	51	4.36326
165	79	5.05572
165	81	4.93734
165	98	4.51781
165	111	5.17654
165	124	5.4097
165	129	5.63053
165	130	0.661894
165	148	5.74846
165	155	6.17778
165	169	6.8085
165	173	6.5706
165	178	10.9427
165	182	7.35573
166	27	4.09236
166	63	4.07503
166	87	4.83756
166	105	5.03409
166	122	4.70591
166	137	5.36231
166	139	5.60397
166	143	5.61989
166	145	5.3855
166	159	5.93543
166	162	5.88383
166	167	6.35331
166	176	6.53738
166	179	6.72815
166	180	7.06886
167	27	4.05216
167	83	4.20723
167	85	5.05388
167	87	4.79735
167	105	4.99389
167	143	5.57969
167	145	5.3453
167	159	5.89523
167	162	5.84363
167	166	6.05293
167	174	6.56023
167	176	6.49718
167	179	6.68795
167	180	7.02866
168	9	3.7607
168	12	3.50353
168	34	3.64834
168	44	3.93787
168	66	4.26624
168	71	4.05051
168	88	4.45228
168	138	5.04794
168	152	5.69465
168	158	5.61795
168	184	7.09875
168	186	7.01765
168	191	7.32303
168	193	7.67619
168	194	7.59585
169	17	4.29659
169	70	15.977
169	81	4.62895
169	98	4.20943
169	107	10.5106
169	111	4.86815
169	129	5.32214
169	155	5.86939
169	156	5.56275
169	160	5.88564
169	165	6.62607
169	172	6.64245
169	173	6.26221
169	182	7.04734
170	49	3.96231
170	54	3.61363
170	90	4.04689
170	113	4.21042
170	132	5.3707
170	133	4.66019
170	146	5.30746
170	147	5.63751
170	150	5.65572
170	181	6.66162
170	185	7.26382
170	188	7.6682
170	189	7.3539
170	192	7.93183
170	195	7.66056
170	196	8.01796
170	197	8.26987
170	198	8.19697
170	199	8.41773
170	200	8.36829
171	30	4.26603
171	35	3.89529
171	60	4.49943
171	61	4.26383
171	62	4.76057
171	67	5.02668
171	78	4.19507
171	106	5.20658
171	127	5.69764
171	142	5.84553
171	164	6.34638
171	178	6.78574
171	183	7.07439
171	187	7.11253
172	17	4.50642
172	23	4.00782
172	52	0.614295
172	98	4.41925
172	111	5.07798
172	129	5.53196
172	148	5.6499
172	155	6.07922
172	156	5.77257
172	160	6.09547
172	169	6.70993
172	173	6.47204
172	175	7.13636
172	182	7.25717
172	195	19.4605
173	26	3.65082
173	59	4.66917
173	98	4.11914
173	111	4.77787
173	124	5.01102
173	129	5.23185
173	148	5.34978
173	155	5.77911
173	156	5.47246
173	160	5.79535
173	165	6.53578
173	169	6.40982
173	175	6.83625
173	182	6.95706
174	6	3.76316
174	13	3.61716
174	37	4.5446
174	38	4.23196
174	85	5.10519
174	122	4.71702
174	137	5.37342
174	145	5.39661
174	157	5.78745
174	159	5.94654
174	162	5.89494
174	167	6.36442
174	176	6.54849
174	179	6.73926
174	180	7.07997
175	17	4.39485
175	19	4.05803
175	23	3.89625
175	26	3.83937
175	51	4.15314
175	59	4.85772
175	79	4.84559
175	81	4.72721
175	98	4.30769
175	148	5.53833
175	156	5.66101
175	169	6.59837
175	172	6.74071
175	182	7.14561
176	13	3.59442
176	38	4.20922
176	85	5.08246
176	87	4.82593
176	122	4.69428
176	137	5.35068
176	139	5.59234
176	143	5.60827
176	145	5.37387
176	157	5.76471
176	159	5.92381
176	166	6.08151
176	167	6.34169
176	174	6.5888
176	180	7.05723
177	12	3.47169
177	34	3.6165
177	46	3.88014
177	68	4.46943
177	71	4.01866
177	72	4.11779
177	96	4.20651
177	104	4.59025
177	152	5.66281
177	168	6.43682
177	186	6.98581
177	190	7.30126
177	191	7.29118
177	193	7.64435
177	194	7.56401
178	35	3.89123
178	42	4.65763
178	60	4.49537
178	67	5.02262
178	76	4.79303
178	127	5.69358
178	142	5.84147
178	144	6.04809
178	161	6.57288
178	164	6.34233
178	171	6.62441
178	183	7.07033
178	185	15.0557
178	187	7.10848
179	6	3.74333
179	22	3.58072
179	37	4.52477
179	63	4.06631
179	122	4.69719
179	125	4.06541
179	143	5.61117
179	157	5.76762
179	159	5.92671
179	162	5.87511
179	166	6.08441
179	174	6.59171
179	176	6.52866
179	180	7.06014
180	6	3.83902
180	38	4.30782
180	63	4.162
180	83	4.3344
180	87	4.92452
180	105	5.12105
180	122	4.79288
180	139	5.69093
180	143	5.70686
180	145	5.47247
180	157	5.86331
180	167	6.44028
180	174	6.6874
180	176	6.62435
180	179	6.81512
181	4	3.0711
181	48	3.16093
181	128	4.60935
181	147	5.23158
181	170	6.02357
181	185	6.85789
181	188	7.26227
181	189	6.94797
181	192	7.5259
181	195	7.25463
181	196	7.61203
181	197	7.86394
181	198	7.79104
181	199	8.0118
181	200	7.96236
182	11	4.08012
182	18	4.02824
182	55	4.44278
182	59	4.73984
182	80	4.86635
182	98	4.18981
182	106	1.87138
182	111	4.84854
182	148	5.42045
182	160	5.86602
182	172	6.62283
182	173	6.24259
182	175	6.90692
183	25	3.55608
183	30	4.20467
183	42	4.60031
183	60	4.43806
183	62	4.69921
183	67	4.96531
183	76	4.73572
183	100	5.29993
183	127	5.63627
183	142	5.78416
183	153	5.69317
183	164	6.28502
183	171	6.5671
183	187	7.05117
184	44	3.98032
184	68	4.54372
184	97	4.4474
184	110	4.77671
184	112	4.7076
184	131	5.26672
184	135	5.26789
184	141	5.46742
184	152	5.7371
184	163	6.17644
184	168	6.51111
184	186	7.0601
184	190	7.37556
184	191	7.36548
184	193	7.71864
184	194	7.6383
185	24	3.18261
185	28	3.65638
185	36	3.43036
185	133	4.5536
185	134	4.91681
185	146	5.20087
185	147	5.53092
185	149	5.48724
185	170	6.32291
185	181	6.55503
185	188	7.56161
185	189	7.24731
185	195	7.55396
185	197	8.16328
185	198	8.09038
185	199	8.31114
185	200	8.2617
186	72	4.0452
186	104	4.51767
186	112	4.56072
186	135	5.12101
186	138	4.94351
186	141	5.32054
186	152	5.59022
186	158	5.51352
186	163	6.02956
186	177	6.65088
186	184	6.99432
186	190	7.22868
186	191	7.2186
186	193	7.57176
186	194	7.49142
187	7	4.1672
187	30	4.13327
187	42	4.52892
187	100	5.22853
187	103	4.49874
187	106	5.07381
187	127	5.56487
187	142	5.71276
187	144	5.91937
187	153	5.62178
187	164	6.21362
187	171	6.4957
187	178	6.65297
187	183	6.94162
188	4	3.59084
188	32	3.76076
188	48	3.68067
188	54	3.72744
188	90	4.1607
188	113	4.32423
188	133	4.774
188	134	5.13721
188	146	5.42127
188	170	6.54331
188	181	6.77544
188	185	7.37763
188	189	7.46771
188	195	7.77437
188	196	8.13177
188	197	8.38368
188	198	8.31078
188	199	8.53154
188	200	8.4821
189	29	4.23503
189	32	3.47013
189	113	4.0336
189	132	5.19388
189	133	4.48336
189	149	5.41701
189	150	5.47889
189	170	6.25267
189	181	6.4848
189	185	7.08699
189	192	7.75501
189	195	7.48373
189	196	7.84114
189	197	8.09305
189	198	8.02014
189	199	8.24091
189	200	8.19147
190	34	3.57651
190	46	3.84015
190	71	3.97868
190	96	4.16652
190	131	5.15245
190	135	5.15361
190	138	4.97611
190	141	5.35314
190	152	5.62282
190	177	6.68348
190	184	7.02692
190	186	6.94582
190	191	7.2512
190	193	7.60436
190	194	7.52402
191	68	4.49052
191	71	4.03975
191	72	4.13888
191	88	4.44153
191	131	5.21352
191	135	5.21469
191	141	5.41422
191	158	5.6072
191	163	6.12324
191	168	6.45791
191	177	6.74456
191	184	7.08799
191	186	7.0069
191	190	7.32235
191	193	7.66544
191	194	7.5851
192	4	3.63172
192	32	3.80164
192	54	3.76832
192	113	4.36511
192	128	5.16997
192	132	5.52539
192	140	5.0375
192	149	5.74853
192	154	5.88623
192	170	6.58419
192	185	7.41851
192	188	7.8229
192	189	7.5086
192	195	7.81525
192	196	8.17265
192	197	8.42456
192	198	8.35166
192	199	8.57242
192	200	8.52298
193	12	3.64098
193	46	4.04944
193	66	4.40369
193	97	4.5424
193	104	4.75955
193	110	4.87171
193	112	4.80261
193	135	5.3629
193	138	5.18539
193	141	5.56243
193	158	5.75541
193	168	6.60611
193	184	7.2362
193	186	7.1551
193	190	7.47056
193	191	7.46048
193	194	7.7333
194	44	3.90461
194	71	4.01725
194	97	4.37169
194	110	4.701
194	131	5.19102
194	138	5.01468
194	141	5.39172
194	152	5.66139
194	158	5.5847
194	177	6.72205
194	184	7.06549
194	186	6.98439
194	190	7.29985
194	191	7.28977
194	193	7.64293
195	24	3.08587
195	28	3.55964
195	49	3.75897
195	113	4.00708
195	134	4.82007
195	140	4.67947
195	146	5.10412
195	147	5.43417
195	154	5.5282
195	188	7.46487
195	189	7.15057
195	192	7.7285
195	196	7.81462
195	198	7.99363
195	199	8.2144
195	200	8.16495
196	4	3.29644
196	29	4.23127
196	32	3.46637
196	70	4.06248
196	113	4.02983
196	140	4.70222
196	146	5.12687
196	170	6.24891
196	181	6.48104
196	185	7.08323
196	189	7.17332
196	192	7.75125
196	195	7.47997
196	197	8.08928
196	199	8.23715
196	200	8.1877
197	28	3.89863
197	48	3.70251
197	89	4.27976
197	90	4.18254
197	113	4.34607
197	128	5.15093
197	133	4.79584
197	134	5.15905
197	146	5.44311
197	150	5.79137
197	154	5.86719
197	181	6.79727
197	188	7.80385
197	192	8.06748
197	195	7.79621
197	196	8.15361
197	198	8.33262
197	199	8.55338
197	200	8.50394
198	32	3.53901
198	48	3.45891
198	49	3.85436
198	89	4.03617
198	132	5.26276
198	134	4.91545
198	147	5.52956
198	149	5.48589
198	170	6.32155
198	181	6.55368
198	185	7.15587
198	188	7.56026
198	189	7.24596
198	196	7.91001
198	197	8.16192
198	199	8.30978
198	200	8.26034
199	28	3.9475
199	32	3.83148
199	90	4.23141
199	113	4.39495
199	133	4.84471
199	134	5.20793
199	140	5.06734
199	147	5.82204
199	150	5.84024
199	154	5.91606
199	170	6.61402
199	181	6.84615
199	185	7.44834
199	188	7.85273
199	192	8.11636
199	195	7.84508
199	196	8.20249
199	197	8.4544
199	198	8.38149
199	200	8.55282
200	32	3.63425
200	36	3.52425
200	54	3.60092
200	70	4.23036
200	113	4.19771
200	134	5.0107
200	147	5.6248
200	149	5.58113
200	150	5.64301
200	181	6.64892
200	185	7.25111
200	188	7.6555
200	189	7.3412
200	192	7.91913
200	195	7.64785
200	196	8.00525
200	197	8.25716
200	198	8.18426
