1	63	2.37372
1	156	3.19716
1	183	3.54406
1	203	3.59125
1	217	3.84287
1	221	4.34891
1	247	4.59881
1	253	5.04135
1	265	5.57821
1	269	5.74215
1	274	5.90739
1	280	6.70188
1	285	6.0508
1	287	5.98883
1	291	6.26004
1	292	6.52254
2	31	3.63056
2	93	4.05272
2	104	4.64039
2	136	3.97691
2	149	4.21472
2	187	1.88607e-05
2	189	4.88548
2	201	5.65142
2	245	6.28498
2	254	6.31228
2	255	6.46957
2	256	6.12767
2	258	6.64033
2	266	7.48602
2	277	11.2649
2	284	9.94459
3	7	3.61762
3	18	3.71408
3	27	5.58719
3	42	4.39693
3	59	1.59585
3	143	5.38327
3	155	4.28127
3	156	8.12844
3	180	5.4397
3	190	5.15547
3	226	6.06459
3	227	6.54958
3	230	6.1462
3	246	6.28879
3	247	11.0281
3	259	6.40761
4	18	4.01732
4	27	5.89043
4	57	4.83925
4	96	11.0897
4	190	5.45871
4	216	5.42258
4	224	0.00134766
4	226	6.36783
4	227	6.85283
4	229	0.000266038
4	230	6.44945
4	246	6.59203
4	259	6.71086
4	270	5.32406
4	278	0.991285
4	285	6.20563
5	97	4.6816
5	121	4.11554
5	126	4.43498
5	144	4.43905
5	169	2.05411e-05
5	170	4.81004
5	202	5.26457
5	210	4.95085
5	211	5.38085
5	225	5.80638
5	242	6.42642
5	244	5.86963
5	249	6.24076
5	261	6.53006
5	288	9.77351
5	296	12.1933
6	5	4.34866
6	97	5.34344
6	116	4.60082
6	121	4.77737
6	134	0.000376132
6	138	6.01821
6	172	5.67349
6	210	5.61269
6	211	6.04268
6	226	0.000842395
6	242	7.08825
6	244	6.53146
6	261	7.19189
6	270	7.95429
6	281	9.51002
6	295	6.11564
7	4	4.75646
7	42	4.36176
7	47	5.4343
7	132	3.21705
7	137	4.51161
7	143	5.3481
7	155	4.24609
7	180	5.40453
7	190	5.1203
7	216	5.08416
7	226	6.02941
7	227	6.51441
7	246	6.25362
7	256	6.20142
7	259	6.37244
7	269	10.4166
8	66	3.5825
8	87	3.82888
8	107	4.09561
8	134	4.00797
8	163	4.06628
8	164	4.33814
8	176	8.07173
8	192	4.4767
8	205	4.89303
8	208	4.79694
8	223	5.35636
8	224	5.46707
8	240	12.0834
8	260	6.62629
8	275	6.97185
8	277	6.85361
9	60	1.90313
9	151	2.45931
9	159	2.75206
9	186	3.08895
9	204	3.9017
9	212	4.04957
9	263	5.62658
9	276	5.67968
9	279	5.98583
9	281	6.11072
9	284	5.96097
9	288	6.43494
9	289	6.34943
9	293	6.80758
9	299	7.25181
9	300	6.91552
10	22	0.000163335
10	64	0.00667187
10	86	5.65983
10	106	4.57424
10	158	7.67491
10	169	5.61137
10	226	0.000155303
10	233	8.50722
10	234	7.22422
10	239	7.94039
10	249	0.000147547
10	252	7.03943
10	257	7.28498
10	277	3.59715
10	282	7.11689
10	291	4.37502
11	35	5.40899e-05
11	40	4.97042
11	55	5.70111
11	70	4.02343
11	110	1.78711e-05
11	123	0.0160314
11	130	4.02474
11	150	5.29094
11	160	5.70449
11	168	4.51959
11	188	5.83128
11	218	6.05122
11	219	5.97135
11	221	14.6412
11	229	6.98276
11	236	7.41927
12	52	2.14451
12	113	1.96747
12	212	4.33599
12	215	5.19254
12	223	8.62559
12	240	4.9575
12	241	2.51275
12	271	6.39772
12	276	5.9661
12	279	6.27225
12	284	6.24739
12	288	6.72136
12	289	6.63586
12	293	7.094
12	299	7.53824
12	300	7.20195
13	16	5.02687
13	23	0.000166369
13	61	6.06132
13	86	5.22943
13	91	5.98116
13	92	12.8899
13	106	4.14385
13	144	0.00116444
13	187	6.30656
13	239	7.51
13	252	6.60903
13	257	6.85458
13	258	0.00414432
13	264	4.75056e-07
13	270	1.73341
13	292	3.00976
14	25	0.000315022
14	39	5.25263
14	44	3.95478
14	140	5.71138
14	152	6.34259
14	154	0.000282176
14	162	9.70497
14	175	4.68352
14	191	5.53936
14	195	6.23071
14	197	6.42724
14	235	6.45294
14	246	0.00228283
14	247	6.34192
14	248	7.64769
14	273	7.50388
15	91	2.05544
15	114	3.32246
15	118	3.04707
15	129	2.56913
15	140	1.94696
15	201	9.80647
15	238	4.61553
15	282	6.04617
15	283	6.41484
15	286	6.07321
15	290	6.84756
15	294	6.99323
15	295	6.68849
15	296	6.7289
15	297	6.88222
15	298	7.04286
16	5	0.000147687
16	7	0.00173654
16	13	6.59211
16	61	5.81412
16	71	4.45785
16	82	3.59237
16	85	0.000136188
16	88	13.2235
16	101	5.71808
16	158	6.99731
16	187	6.05936
16	239	7.26279
16	252	6.36183
16	257	6.60738
16	273	7.63239
16	275	2.75162
17	56	3.5209
17	60	0.00310705
17	67	7.63304
17	109	5.05631
17	112	3.79914
17	133	4.23012
17	142	16.0866
17	161	5.33262
17	170	4.56479e-06
17	173	5.55414
17	194	5.87551
17	213	6.74591
17	220	6.62037
17	237	6.69769
17	241	6.67089
17	251	6.81374
18	42	4.37368
18	45	1.46213
18	57	4.51275
18	73	0.000176535
18	123	6.54244
18	137	4.52353
18	143	5.36002
18	155	4.25801
18	162	12.5462
18	180	5.41645
18	216	5.09608
18	227	6.52633
18	230	6.12295
18	246	6.26554
18	259	6.38436
18	295	7.65864
19	10	6.50361
19	15	11.7199
19	61	5.59126
19	86	4.75937
19	122	6.67136
19	131	4.83556
19	132	4.0511e-05
19	141	7.90404
19	169	4.71092
19	234	6.32376
19	239	7.03994
19	252	6.13897
19	257	6.38452
19	259	0.000426486
19	275	0.00633898
19	287	5.23497
20	23	2.06993
20	41	2.6373
20	52	2.13103
20	200	13.7267
20	212	4.32252
20	215	5.17907
20	265	9.81009
20	271	6.38424
20	276	5.95263
20	281	6.38366
20	284	6.23392
20	288	6.70788
20	289	6.62238
20	293	7.08053
20	299	7.52476
20	300	7.18847
21	2	3.85109
21	31	4.06738
21	69	4.31073
21	79	4.40212
21	108	4.71438
21	126	0.000878482
21	136	4.41373
21	201	6.08823
21	205	5.61016
21	254	6.7491
21	255	6.90639
21	256	6.56449
21	258	7.07715
21	263	5.50847
21	266	7.92283
21	282	12.1968
22	50	3.7212
22	54	11.3941
22	97	4.84758
22	138	5.52235
22	144	4.60502
22	185	5.44343
22	202	5.43054
22	210	5.11683
22	220	7.77759e-05
22	225	5.97235
22	228	5.85843
22	242	6.59239
22	244	6.0356
22	249	6.40673
22	261	6.69603
22	296	6.76633
23	12	2.32064
23	72	2.21904
23	225	7.49336
23	240	5.03957
23	254	8.56944
23	258	7.46434
23	263	5.99508
23	271	6.47979
23	276	6.04817
23	279	6.35432
23	284	6.32946
23	288	6.80343
23	289	6.71793
23	293	7.17607
23	299	7.62031
23	300	7.28402
24	63	2.46232
24	105	2.43654
24	162	3.07885
24	167	3.05096
24	203	3.67985
24	217	3.93147
24	247	4.68741
24	265	5.66681
24	267	5.87162
24	269	5.83075
24	274	5.99599
24	280	6.79049
24	285	6.13941
24	287	6.07743
24	291	6.34865
24	292	6.61114
25	78	2.48756
25	84	3.57792
25	100	3.80827
25	125	6.32432
25	166	4.22589
25	177	3.98952
25	199	4.19403
25	231	5.56853
25	232	5.24404
25	262	6.01221
25	268	6.23304
25	270	6.21388
25	272	6.71516
25	273	6.14367
25	278	6.80433
25	295	17.1952
26	60	1.95334
26	117	2.51926
26	159	2.80226
26	212	4.09977
26	240	4.72128
26	263	5.67679
26	271	6.1615
26	276	5.72988
26	277	13.8062
26	281	6.16092
26	284	6.01117
26	288	6.48514
26	289	6.39963
26	293	6.85778
26	299	7.30202
26	300	6.96573
27	7	4.27317
27	44	0.000334383
27	110	5.46553
27	137	5.20233
27	143	6.03882
27	155	4.93682
27	166	3.49709
27	183	7.16955
27	193	4.38479
27	216	5.77488
27	227	7.20513
27	230	6.80175
27	252	0.00128291
27	259	7.06317
27	276	5.88376
27	298	2.63969
28	12	2.27145
28	23	2.11629
28	52	2.17738
28	72	2.16985
28	77	2.33592
28	128	3.13635
28	212	4.36887
28	240	4.99038
28	263	5.94588
28	271	6.43059
28	279	6.30513
28	281	6.43002
28	289	6.66873
28	293	7.12688
28	299	7.57112
28	300	7.23482
29	17	3.36709
29	20	0.00773443
29	33	4.59983
29	89	3.27249
29	111	4.23915
29	112	3.94979
29	161	5.48328
29	176	4.64726
29	184	4.48906
29	188	0.391422
29	207	5.14913
29	213	6.89657
29	220	6.77102
29	237	6.84834
29	241	6.82155
29	251	6.96439
30	12	2.39686
30	26	1.62739
30	60	2.34785
30	89	2.839
30	173	0.00301284
30	240	5.1158
30	249	9.20681
30	271	6.55601
30	276	6.1244
30	279	6.43055
30	281	6.55544
30	284	6.40569
30	288	6.87966
30	289	6.79415
30	293	7.2523
30	300	7.36024
31	21	4.27609
31	58	3.59466
31	93	4.36762
31	104	4.95529
31	107	0.000259182
31	113	13.6159
31	189	5.20038
31	201	5.96631
31	245	6.59988
31	254	6.62718
31	255	6.78447
31	256	6.44257
31	258	6.95523
31	262	3.02397
31	266	7.80091
31	278	6.88858
32	44	4.18931
32	46	5.42088
32	75	7.77127
32	137	0.000144218
32	140	5.94592
32	145	6.44351
32	152	6.57712
32	157	4.97737
32	185	5.27907
32	195	6.46524
32	197	6.66177
32	199	8.99316
32	213	0.0007668
32	222	2.14074
32	248	7.88223
32	290	7.18406
33	51	4.63696
33	62	4.43876
33	114	2.65246
33	115	5.03527
33	133	5.046
33	161	6.1485
33	173	6.37002
33	180	4.15591e-05
33	184	5.15428
33	194	6.69139
33	203	9.95265
33	211	2.11533
33	220	7.43625
33	241	7.48677
33	254	2.35105
33	268	6.48266
34	19	4.57991
34	43	5.65735
34	71	4.20927
34	82	3.34379
34	101	5.4695
34	106	3.64807
34	158	6.74873
34	187	5.81078
34	218	0.000154622
34	228	9.70557
34	234	6.29804
34	239	7.01421
34	252	6.11325
34	257	6.3588
34	259	2.83415
34	281	11.0255
35	8	6.39995e-05
35	51	5.0024
35	156	0.000135904
35	161	6.51395
35	162	7.37861
35	173	6.73546
35	176	5.67793
35	187	0.000294205
35	207	6.1798
35	220	7.80169
35	233	8.0619
35	241	7.85222
35	251	7.99506
35	261	0.739654
35	284	1.83151
35	296	5.56953
36	22	4.3859
36	50	3.81216
36	116	4.19592
36	126	4.69191
36	138	5.61332
36	144	4.69598
36	172	5.26859
36	179	0.00671747
36	210	5.20779
36	211	5.63779
36	230	5.03602
36	242	6.68335
36	244	6.12656
36	261	6.78699
36	262	6.09435
36	278	9.95895
37	79	4.02452
37	101	0.522923
37	108	4.33678
37	111	0.802642
37	136	4.03612
37	139	5.14176
37	149	4.27393
37	201	5.71063
37	245	6.34419
37	251	0.000290924
37	254	6.3715
37	255	6.52879
37	256	6.18689
37	258	6.69954
37	266	7.54523
37	276	16.25
38	14	4.66067
38	46	5.10525
38	74	3.6661
38	75	7.45563
38	145	6.12788
38	157	4.66173
38	175	4.60242
38	182	10.4168
38	195	6.14961
38	197	6.34614
38	198	5.44725
38	230	1.33626
38	235	6.37183
38	247	10.0249
38	248	7.56659
38	257	0.0228603
39	14	5.34625
39	32	5.54978
39	38	4.69018
39	121	0.348526
39	152	6.94706
39	157	5.34731
39	175	5.288
39	191	6.14383
39	197	7.03171
39	235	7.05741
39	248	8.25217
39	249	1.5053
39	252	3.08185
39	271	3.3109
39	281	11.4516
39	299	3.82968
40	73	6.65856
40	85	4.46617
40	109	3.26501e-05
40	134	3.00145e-05
40	148	6.95089
40	160	5.92409
40	168	4.73919
40	179	7.41527
40	188	6.05088
40	212	1.55939
40	219	6.19095
40	229	7.20235
40	236	7.63887
40	260	5.3327
40	291	7.50537
40	296	9.1452
41	20	2.49191
41	23	2.44364
41	64	3.34384
41	89	3.04094
41	97	4.41175
41	117	3.11571
41	128	3.4637
41	132	4.00749
41	186	3.7356
41	263	6.27323
41	271	6.75794
41	276	6.32633
41	284	6.60762
41	288	7.08159
41	299	7.89847
41	300	7.56217
42	3	4.16224
42	4	5.1234
42	57	4.86777
42	72	2.00734
42	127	3.40682
42	137	4.87855
42	155	4.61303
42	180	5.77147
42	216	5.4511
42	226	6.39635
42	227	6.88135
42	246	6.62056
42	259	6.73938
42	260	4.57799
42	274	9.72739
42	289	3.84438
43	34	4.80279
43	73	0.000783769
43	81	7.22081
43	94	5.74572
43	131	5.96641
43	154	0.000493087
43	169	5.84176
43	179	7.15415e-05
43	187	6.96735
43	234	7.45461
43	244	2.29541
43	251	1.58549e-05
43	252	7.26982
43	257	7.51537
43	264	4.84031
43	283	14.9732
44	32	4.81422
44	47	2.90294e-05
44	50	0.000137281
44	74	3.61612
44	102	4.73087
44	140	5.58029
44	145	6.07789
44	157	4.61175
44	175	4.55244
44	185	9.79343
44	191	5.40827
44	197	6.29615
44	198	5.39727
44	235	6.32185
44	248	7.5166
44	282	13.8044
45	10	0.000252485
45	68	2.82155
45	100	4.05711
45	142	3.67032
45	153	4.42002
45	166	4.47473
45	185	4.59226
45	200	4.27697
45	232	5.49288
45	262	6.26105
45	268	6.48188
45	270	6.46273
45	272	6.964
45	273	6.39252
45	278	7.05317
45	280	11.8697
46	14	5.4633
46	32	5.66684
46	44	4.67631
46	56	5.72571
46	76	2.53441e-05
46	102	5.58349
46	108	1.22564e-05
46	175	5.40505
46	191	6.26089
46	195	6.95224
46	198	6.24988
46	235	7.17447
46	237	0.000123715
46	248	8.36922
46	259	7.08225
46	272	9.42297
47	7	4.76552
47	46	1.29406
47	155	5.42917
47	169	1.36399e-05
47	190	6.30337
47	211	4.98154
47	212	5.04086
47	216	6.26723
47	218	0.955219
47	226	7.21249
47	227	7.69748
47	230	7.2941
47	242	5.14118
47	246	7.43669
47	256	6.10508
47	259	7.55552
48	63	2.60835
48	88	2.20386
48	92	2.24396
48	156	3.43179
48	167	3.19699
48	171	3.30646
48	247	4.83343
48	253	5.27598
48	267	6.01765
48	269	5.97678
48	274	6.14202
48	280	6.93651
48	285	6.28543
48	287	6.22346
48	291	6.49467
48	292	6.75717
49	91	2.34604
49	95	2.59015
49	118	3.33766
49	120	3.20476
49	124	2.67108
49	135	2.98536
49	165	3.44457
49	181	3.90102
49	209	3.76139
49	282	6.33677
49	290	7.13816
49	294	7.28383
49	295	6.97909
49	296	7.0195
49	297	7.17282
49	298	7.33346
50	5	3.65
50	6	4.63202
50	27	0.000701586
50	54	13.6006
50	121	4.07871
50	144	4.40222
50	170	4.77321
50	210	4.91403
50	211	5.34403
50	225	5.76955
50	228	5.65563
50	242	6.3896
50	244	5.8328
50	249	6.20393
50	261	6.49323
50	287	11.4808
51	33	5.00441
51	56	4.07615
51	109	5.61155
51	111	4.64374
51	133	4.78536
51	176	5.05184
51	184	4.89364
51	194	6.43075
51	207	5.55372
51	214	4.63625
51	220	7.17561
51	232	3.59913
51	237	7.25293
51	251	7.36898
51	259	4.90287
51	289	8.23219
52	9	1.50119
52	59	2.95945
52	89	2.72838
52	113	2.01514
52	215	5.24021
52	226	2.07644
52	263	5.96067
52	271	6.44538
52	276	6.01377
52	281	6.44481
52	284	6.29506
52	288	6.76903
52	289	6.68352
52	293	7.14167
52	299	7.58591
52	300	7.24962
53	153	4.32325
53	166	4.37796
53	177	4.14159
53	193	4.07699
53	199	4.3461
53	200	4.1802
53	231	5.72061
53	262	6.16428
53	268	6.38511
53	270	6.36596
53	272	6.86723
53	273	6.29575
53	274	10.602
53	276	8.15599
53	278	6.9564
53	294	6.27466
54	15	2.2789
54	95	2.36635
54	119	2.77857
54	120	2.98095
54	135	2.76156
54	146	3.22092
54	165	3.22076
54	282	6.11296
54	283	6.48163
54	286	6.14
54	290	6.91435
54	294	7.06002
54	295	6.75529
54	296	6.79569
54	297	6.94901
54	298	7.10965
55	33	0.000132146
55	73	6.9726
55	76	5.72803
55	84	2.06066e-05
55	85	4.78021
55	93	3.28538
55	98	7.76601
55	160	6.23813
55	179	7.72931
55	188	6.36492
55	218	6.58485
55	229	7.51639
55	230	0.610048
55	255	5.55057
55	272	5.57091
55	276	9.99648
56	11	8.86362
56	16	0.00434306
56	29	3.68987
56	100	2.9668
56	111	4.39106
56	112	4.1017
56	115	4.52195
56	133	4.53268
56	173	5.8567
56	176	4.79916
56	194	6.17807
56	207	5.30104
56	220	6.92293
56	237	7.00025
56	241	6.97345
56	251	7.1163
57	3	4.20888
57	47	5.84788
57	120	15.2665
57	123	6.9441
57	137	4.92519
57	154	5.72343
57	190	5.53388
57	226	6.44299
57	227	6.92799
57	230	6.52461
57	246	6.6672
57	252	1.92122
57	254	1.32289
57	259	6.78602
57	266	1.17322e-05
57	300	6.55384
58	24	9.98649
58	31	3.65106
58	69	3.89442
58	108	4.29807
58	136	3.99741
58	139	5.10304
58	149	4.23522
58	177	5.52035
58	201	5.67192
58	245	6.30548
58	254	6.33278
58	255	6.49007
58	256	6.14817
58	258	6.66083
58	259	8.20494
58	266	7.50652
59	28	2.53158
59	60	2.77055
59	117	3.33647
59	128	3.68446
59	129	21.2389
59	132	4.22826
59	148	7.81502e-05
59	151	3.32673
59	212	4.91699
59	215	5.77353
59	240	5.53849
59	276	6.54709
59	288	7.30235
59	289	7.21685
59	293	7.67499
59	299	8.11923
60	30	2.49176
60	41	2.79987
60	77	2.45214
60	128	3.25256
60	186	3.52447
60	215	5.34164
60	271	6.54681
60	279	6.42135
60	281	6.54623
60	284	6.39649
60	286	15.5253
60	288	6.87045
60	289	6.78495
60	293	7.2431
60	299	7.68733
60	300	7.35104
61	11	6.07258e-05
61	19	5.24035
61	81	6.72468
61	101	6.12994
61	137	0.000421261
61	158	7.40917
61	169	5.34563
61	171	6.23631
61	220	0.000314501
61	221	4.69074
61	234	6.95848
61	239	7.67465
61	252	6.77369
61	257	7.01924
61	292	7.9737
61	297	6.16311
62	35	6.54765
62	51	4.22326
62	56	3.92309
62	112	4.20132
62	133	4.6323
62	161	5.73481
62	176	4.89879
62	194	6.27769
62	204	4.71978
62	213	7.14809
62	222	5.14088
62	237	7.09987
62	241	7.07308
62	251	7.21592
62	278	5.61548
62	291	9.54828
63	48	2.42411
63	67	2.36275
63	147	3.2486
63	167	3.42849
63	171	3.53796
63	203	4.05737
63	221	4.81504
63	247	5.06493
63	253	5.50747
63	265	6.04434
63	269	6.20828
63	274	6.37351
63	285	6.51693
63	287	6.45496
63	291	6.72617
63	292	6.98866
64	9	2.01005
64	40	0.0028229
64	72	2.6935
64	128	3.65999
64	132	4.20379
64	212	4.89252
64	214	9.61043
64	240	5.51402
64	271	6.95424
64	279	6.82877
64	281	6.95366
64	288	7.27788
64	293	7.65052
64	298	13.3993
64	299	8.09476
64	300	7.75847
65	49	2.50033
65	120	2.82631
65	124	2.29263
65	178	3.2386
65	181	3.52257
65	233	4.62181
65	238	4.52768
65	282	5.95832
65	283	6.32699
65	286	5.98536
65	290	6.75971
65	294	6.90538
65	295	6.60064
65	296	6.64105
65	297	6.79437
65	298	6.95501
66	103	2.91563
66	147	11.4163
66	163	4.01311
66	174	4.52118
66	182	3.92814
66	196	4.54177
66	205	4.83985
66	213	5.26124e-05
66	214	5.67695
66	232	7.53816
66	243	5.72578
66	250	6.23243
66	260	6.57311
66	264	6.53638
66	275	6.91867
66	277	6.80043
67	105	2.49909
67	171	3.22299
67	183	3.69522
67	203	3.7424
67	206	3.7073
67	217	3.99403
67	221	4.50007
67	265	5.72937
67	267	5.93418
67	269	5.89331
67	274	6.05855
67	280	6.85304
67	285	6.20196
67	287	6.13999
67	291	6.4112
67	292	6.6737
68	45	2.84258
68	53	3.00554
68	142	3.33046
68	177	3.8985
68	193	3.8339
68	199	4.10301
68	200	3.93711
68	222	5.15976
68	231	5.47752
68	232	5.15302
68	262	5.92119
68	268	6.14202
68	270	6.12287
68	272	6.62414
68	273	6.05266
68	278	6.71331
69	58	3.68531
69	77	1.81008
69	108	4.68312
69	136	4.38246
69	139	5.4881
69	149	4.62027
69	189	5.29104
69	245	6.69053
69	250	5.2899
69	254	6.71784
69	255	6.87513
69	256	6.53323
69	258	7.04588
69	266	7.89157
69	298	10.1648
69	299	7.21196
70	11	4.22242
70	14	0.000433949
70	40	4.78323
70	73	6.25177
70	98	7.04517
70	148	6.5441
70	165	9.44677
70	179	7.00848
70	188	5.64409
70	197	0.000723932
70	218	5.86402
70	219	5.78416
70	229	6.79556
70	236	7.23208
70	251	0.000762997
70	285	14.0034
71	16	4.8593
71	34	3.97443
71	39	0.000133866
71	43	5.98556
71	82	3.672
71	86	5.06186
71	95	11.1545
71	101	5.79771
71	141	8.20653
71	187	6.13899
71	234	6.62625
71	236	3.68337e-05
71	239	7.34243
71	248	0.00139172
71	257	6.68701
71	261	7.66192
72	28	2.02258
72	64	3.05561
72	151	2.81774
72	186	3.44737
72	204	4.26012
72	212	4.40799
72	221	15.753
72	263	5.985
72	271	6.46971
72	279	6.34425
72	284	6.31939
72	288	6.79336
72	289	6.70785
72	293	7.166
72	299	7.61024
72	300	7.27394
73	40	5.72243
73	86	0.000722084
73	87	4.48032
73	130	4.77675
73	150	6.04295
73	179	7.94769
73	188	6.5833
73	208	5.09573
73	215	2.31201
73	219	6.72337
73	229	7.73477
73	236	8.17128
73	239	0.000714725
73	252	2.43172
73	271	2.66077
73	288	8.06578
74	38	3.81962
74	44	3.68869
74	75	7.27065
74	102	4.59588
74	145	5.94289
74	152	6.0765
74	175	4.41744
74	191	5.27327
74	195	5.96462
74	197	6.16115
74	198	5.26227
74	206	9.01903
74	209	10.5679
74	235	6.18685
74	247	5.43817
74	248	7.38161
75	38	4.27708
75	46	5.37773
75	90	0.000161905
75	120	5.7041
75	142	11.9635
75	157	4.93421
75	175	4.8749
75	197	6.61861
75	198	5.71973
75	200	2.34503
75	235	6.64431
75	248	7.83907
75	281	0.728501
75	282	1.51466
75	287	2.92064
75	293	0.00464298
76	65	9.48222
76	90	4.20538
76	92	12.1056
76	130	3.79224
76	148	6.49879
76	168	4.2871
76	179	6.96318
76	188	5.59878
76	207	0.00668327
76	218	5.81872
76	219	5.73886
76	229	6.75026
76	236	7.18677
76	266	5.11223e-05
76	274	3.52586
76	277	0.00411033
77	28	2.14733
77	132	3.84401
77	159	3.23523
77	204	4.38487
77	215	5.38929
77	240	5.15425
77	271	6.59446
77	276	6.16285
77	277	12.2855
77	279	6.469
77	284	6.44414
77	288	6.91811
77	289	6.8326
77	293	7.29075
77	298	10.35
77	300	7.39869
78	80	3.09597
78	84	3.47405
78	100	3.7044
78	142	3.31762
78	166	4.12203
78	193	3.82105
78	199	4.09016
78	222	5.14691
78	231	5.46467
78	232	5.14017
78	262	5.90835
78	268	6.12917
78	270	6.11002
78	272	6.6113
78	273	6.03981
78	278	6.70046
79	21	4.38761
79	37	3.75817
79	58	3.70617
79	93	4.47913
79	101	0.000339628
79	139	5.50895
79	149	4.64113
79	245	6.71139
79	248	0.00116311
79	254	6.73869
79	255	6.89598
79	256	6.55408
79	258	7.06674
79	266	7.91243
79	292	11.7006
79	295	8.58557
80	41	8.41738
80	113	12.8984
80	153	4.37445
80	185	4.54668
80	199	4.39729
80	200	4.23139
80	222	5.45404
80	231	5.7718
80	232	5.4473
80	252	3.68991
80	262	6.21548
80	268	6.4363
80	270	6.41715
80	272	6.91843
80	273	6.34694
80	278	7.00759
81	82	4.32633
81	86	5.71619
81	94	5.5717
81	101	6.45204
81	106	4.63061
81	131	5.79239
81	167	5.99847
81	187	6.79332
81	188	3.65862e-05
81	221	4.56456
81	242	0.00139239
81	252	7.09579
81	257	7.34135
81	269	4.26187
81	288	5.39126
81	294	4.82056
82	13	6.1515
82	19	4.38788
82	61	5.37351
82	85	3.74447e-05
82	94	4.39712
82	101	5.27747
82	131	4.61781
82	141	7.68628
82	169	4.49316
82	234	6.10601
82	239	6.82218
82	252	5.92122
82	257	6.16677
82	260	10.1249
82	275	8.66465
83	103	2.65063
83	107	3.77744
83	134	3.6898
83	163	3.74811
83	169	1.03267
83	192	4.15853
83	205	4.57486
83	208	4.47877
83	224	5.1489
83	243	5.46078
83	250	5.96744
83	260	6.30812
83	264	6.27139
83	275	6.65368
83	277	6.53544
84	142	3.8042
84	153	4.55391
84	177	4.37224
84	183	9.71738
84	185	4.72614
84	193	4.30764
84	222	5.6335
84	262	6.39494
84	268	6.61576
84	270	6.59661
84	272	7.09789
84	273	6.5264
84	278	7.18705
84	296	8.54247
84	297	6.76839
85	73	6.14839
85	76	4.90381
85	90	4.14731
85	148	6.44071
85	160	5.41392
85	166	6.95443
85	168	4.22902
85	179	6.9051
85	187	9.20739e-05
85	218	5.76064
85	219	5.68078
85	229	6.69218
85	236	7.1287
85	281	10.7661
85	295	7.37173
86	46	0.000287757
86	47	3.4842e-05
86	81	6.42997
86	94	4.95488
86	131	5.17557
86	141	8.24404
86	182	9.06706
86	187	6.17651
86	215	3.57107
86	224	4.45939
86	234	6.66377
86	239	7.37994
86	252	6.47897
86	257	6.72453
86	260	7.9321
87	26	6.01046
87	127	4.6964
87	174	4.56546
87	192	4.46781
87	196	4.58605
87	223	5.34747
87	224	5.45818
87	235	2.77485
87	241	1.09499
87	243	5.77006
87	250	6.27672
87	260	6.6174
87	264	6.58067
87	275	6.96295
87	277	6.84472
88	147	2.92955
88	156	3.34423
88	162	3.13732
88	171	3.21891
88	203	3.73832
88	253	5.18842
88	265	5.72528
88	267	5.93009
88	269	5.88922
88	274	6.05446
88	280	6.84896
88	285	6.19788
88	287	6.1359
88	291	6.40712
88	292	6.66961
89	28	2.33051
89	113	2.3474
89	186	3.7553
89	204	4.56806
89	212	4.71592
89	215	5.57247
89	260	8.27165
89	276	6.34603
89	279	6.65218
89	281	6.77707
89	284	6.62732
89	291	10.4443
89	293	7.47393
89	299	7.91817
89	300	7.58188
90	11	4.38135
90	55	5.67285
90	70	3.99517
90	87	10.6173
90	98	7.20411
90	126	2.47473
90	160	5.67623
90	168	4.49134
90	179	7.16742
90	188	5.80302
90	218	6.02296
90	219	5.94309
90	229	6.9545
90	246	4.73984
90	299	7.18515
91	15	2.09454
91	146	3.03655
91	178	3.20888
91	181	3.49285
91	233	4.59209
91	238	4.49796
91	282	5.92859
91	283	6.29727
91	286	5.95563
91	290	6.72999
91	294	6.87566
91	295	6.57092
91	296	6.61133
91	297	6.76465
91	298	6.92529
92	1	1.74051
92	24	1.85195
92	217	3.98843
92	221	4.49448
92	247	4.74437
92	253	5.18691
92	265	5.72378
92	267	5.92859
92	269	5.88772
92	274	6.05295
92	280	6.84745
92	285	6.19637
92	287	6.1344
92	291	6.40561
92	292	6.6681
93	58	3.71122
93	62	0.000844477
93	102	6.32002
93	125	4.68332
93	136	4.40837
93	139	5.514
93	149	4.64617
93	150	2.32806
93	201	6.08287
93	245	6.71644
93	254	6.74374
93	256	6.55913
93	258	7.07179
93	266	7.91747
93	289	13.0584
94	13	6.78882
94	16	4.97637
94	21	0.000135581
94	34	4.0915
94	71	4.65455
94	131	5.25512
94	187	6.25606
94	202	12.4588
94	210	3.21323
94	223	0.479398
94	225	3.46894
94	234	6.74332
94	239	7.4595
94	252	6.55853
94	257	6.80408
95	65	2.10911
95	118	3.09864
95	120	2.96573
95	122	2.55193
95	129	2.6207
95	233	4.76124
95	282	6.09774
95	283	6.46642
95	286	6.12478
95	290	6.89913
95	294	7.0448
95	295	6.74007
95	296	6.78048
95	297	6.9338
95	298	7.09444
96	95	2.30088
96	119	2.71311
96	129	2.57045
96	135	2.69609
96	178	3.32778
96	233	4.71099
96	238	4.61686
96	282	6.04749
96	283	6.41617
96	286	6.07453
96	290	6.84889
96	294	6.99456
96	295	6.68982
96	297	6.88355
96	298	7.04419
97	5	4.24081
97	36	4.46382
97	104	0.000828696
97	155	2.58994
97	170	5.36402
97	210	5.50484
97	211	5.93484
97	223	0.330049
97	225	6.36036
97	242	6.98041
97	244	6.42361
97	249	6.79474
97	261	7.08405
97	263	7.46149
97	279	10.1952
98	38	0.000986295
98	59	2.19662
98	73	7.37701
98	76	6.13244
98	85	5.18462
98	161	0.000319893
98	195	0.000237527
98	202	12.1313
98	218	6.98926
98	219	6.9094
98	236	8.35732
98	237	0.000562557
98	244	3.41401
98	245	0.000422794
98	255	7.31459
99	37	3.76422
99	103	16.2817
99	104	5.07285
99	139	5.515
99	168	0.000294511
99	189	5.31794
99	190	0.000102417
99	229	0.000503381
99	245	6.71744
99	254	6.74474
99	255	6.90203
99	256	6.56013
99	258	7.07279
99	266	7.91848
99	268	8.86908
100	45	3.58858
100	68	3.2277
100	135	13.0798
100	153	4.82617
100	177	4.6445
100	180	0.000149165
100	199	4.84901
100	200	4.68311
100	222	5.90576
100	232	5.89902
100	268	6.88802
100	270	6.86887
100	273	6.79866
100	278	7.45931
100	280	5.93242
101	10	7.32874
101	12	7.6367
101	16	5.38193
101	61	6.41639
101	82	4.19464
101	106	4.49891
101	131	5.66069
101	160	0.000901911
101	169	5.53604
101	174	0.000125174
101	240	4.71865
101	245	2.68382e-05
101	252	6.9641
101	257	7.20965
101	273	12.1644
102	5	1.56438
102	13	1.54905e-05
102	38	4.39894
102	43	9.72428e-06
102	74	4.06044
102	127	10.6137
102	140	6.02461
102	145	6.52221
102	152	6.65582
102	157	5.05607
102	184	4.17792
102	191	5.85259
102	198	5.84159
102	235	6.76617
102	248	7.96093
103	87	3.36416
103	127	4.24057
103	134	3.54324
103	164	3.87342
103	174	4.10964
103	208	4.33221
103	214	5.26541
103	223	4.89164
103	224	5.00235
103	243	5.31423
103	250	5.82089
103	260	6.16157
103	264	6.12484
103	275	6.50712
103	277	6.38889
104	31	4.26553
104	77	0.551669
104	79	4.60027
104	99	4.82741
104	108	4.91254
104	186	10.8306
104	189	5.52045
104	192	13.5426
104	201	6.28639
104	239	0.000145477
104	255	7.10454
104	256	6.76264
104	257	0.000154676
104	258	7.2753
104	266	8.12099
105	63	2.80817
105	147	3.21693
105	183	3.97851
105	203	4.0257
105	217	4.27732
105	221	4.78336
105	265	6.01266
105	267	6.21747
105	269	6.1766
105	270	14.3933
105	274	6.34184
105	280	7.13633
105	287	6.42328
105	291	6.69449
105	292	6.95699
106	13	6.23378
106	19	4.47016
106	43	5.5476
106	61	5.45579
106	71	4.09952
106	131	4.70009
106	158	6.63898
106	159	6.5372
106	169	4.57544
106	187	5.70103
106	206	9.36594
106	239	6.90446
106	252	6.0035
106	257	6.24905
106	267	9.16148
107	42	0.000130735
107	83	3.36297
107	103	3.19546
107	163	4.29293
107	174	4.80101
107	203	11.5746
107	205	5.11968
107	208	5.02359
107	224	5.69372
107	243	6.0056
107	260	6.85294
107	264	6.81621
107	275	7.1985
107	277	7.08026
107	292	12.6617
108	30	3.50483
108	58	3.63003
108	69	4.22419
108	104	4.99066
108	125	4.60214
108	139	5.43282
108	189	5.23576
108	201	6.00169
108	254	6.66256
108	255	6.81985
108	256	6.47795
108	265	6.53572
108	266	7.83629
108	287	11.028
108	289	3.97384
109	29	4.05538
109	56	4.18898
109	115	4.88746
109	145	5.04915e-06
109	151	5.01137
109	173	6.22221
109	207	5.66655
109	208	1.4485
109	209	8.89862
109	213	7.41398
109	237	7.36576
109	241	7.33897
109	251	7.48181
109	253	5.69731
109	279	3.98571
110	3	4.1083
110	27	5.86502
110	47	5.74731
110	88	11.7605
110	114	0.00868819
110	123	6.84352
110	155	4.5591
110	180	5.71753
110	216	5.39716
110	226	6.34242
110	246	6.56662
110	250	0.000168193
110	259	6.68545
110	283	9.7836
110	294	3.57092
111	2	0.715947
111	35	6.69464
111	62	4.17205
111	108	0.000207046
111	109	5.60549
111	115	4.76857
111	181	5.34348
111	194	6.42469
111	207	5.54765
111	213	7.29509
111	220	7.16954
111	237	7.24686
111	251	7.36291
111	255	7.03833
111	297	10.8193
112	56	3.97803
112	115	4.67652
112	138	1.63569
112	161	5.78975
112	172	1.93981
112	173	6.01126
112	175	3.2575
112	176	4.95373
112	184	4.79553
112	194	6.33264
112	210	7.05119
112	213	7.20304
112	237	7.15482
112	241	7.12802
112	251	7.27087
113	23	2.02295
113	117	2.69503
113	132	3.58681
113	215	5.13209
113	240	4.89705
113	263	5.85255
113	271	6.33726
113	276	5.90564
113	279	6.21179
113	281	6.33668
113	284	6.18693
113	288	6.6609
113	289	6.5754
113	293	7.03355
113	300	7.14149
114	54	2.77277
114	91	2.5515
114	119	3.20784
114	165	3.65003
114	233	5.20572
114	245	6.06647
114	283	6.9109
114	284	15.5485
114	286	6.56927
114	290	7.34362
114	294	7.48929
114	295	7.18455
114	296	7.22496
114	297	7.37828
114	298	7.53892
115	1	8.98196
115	17	3.6816
115	20	0.000745965
115	29	3.85247
115	33	4.91433
115	51	4.28624
115	109	5.52147
115	176	4.96176
115	194	6.34067
115	220	7.08553
115	237	7.16285
115	241	7.13605
115	251	7.2789
115	273	9.10462
115	290	8.49272
116	78	9.61412
116	126	4.53581
116	144	4.53988
116	170	4.91087
116	172	5.11249
116	202	5.3654
116	210	5.05169
116	211	5.48169
116	224	5.6861
116	228	5.79329
116	242	6.52725
116	244	5.97046
116	249	6.34159
116	261	6.63089
116	293	11.0819
117	12	2.61232
117	28	2.32433
117	60	2.5633
117	151	3.11948
117	159	3.41223
117	186	3.74912
117	204	4.56187
117	215	5.56629
117	240	5.33125
117	279	6.646
117	281	6.77089
117	289	7.0096
117	293	7.46775
117	299	7.91198
117	300	7.57569
118	135	3.04702
118	149	6.89772
118	178	3.6787
118	181	3.96267
118	209	3.82305
118	238	4.96778
118	282	6.39842
118	283	6.76709
118	286	6.42546
118	291	12.6554
118	294	7.34548
118	295	7.04075
118	296	7.08115
118	297	7.23447
118	298	7.39511
119	95	2.54027
119	120	3.15487
119	129	2.80984
119	146	3.39484
119	209	3.71151
119	233	4.95037
119	238	4.85624
119	282	6.28688
119	286	6.31392
119	290	7.08827
119	294	7.23394
119	295	6.9292
119	296	6.96961
119	297	7.12293
119	298	7.28357
120	15	2.53968
120	65	2.38511
120	118	3.37463
120	209	3.79836
120	229	5.52455
120	233	5.03723
120	238	4.9431
120	282	6.37374
120	283	6.74241
120	286	6.40078
120	294	7.3208
120	295	7.01606
120	296	7.05647
120	297	7.20979
120	298	7.37043
121	22	4.35433
121	30	10.7876
121	50	3.78058
121	97	4.90696
121	116	4.16434
121	138	5.58174
121	172	5.23701
121	202	5.48993
121	228	5.91782
121	242	6.65178
121	244	6.09498
121	249	6.46611
121	257	3.99378
121	261	6.75542
121	262	6.3655
122	91	2.16768
122	118	3.1593
122	120	3.0264
122	146	3.26636
122	165	3.26621
122	209	3.58304
122	233	4.8219
122	282	6.15841
122	283	6.52708
122	290	6.9598
122	294	7.10547
122	295	6.80073
122	296	6.84114
122	297	6.99446
122	298	7.1551
123	3	3.83723
123	68	8.50574
123	75	0.00181194
123	129	5.26662
123	157	4.77652e-06
123	178	13.269
123	180	5.44647
123	190	5.16224
123	216	5.1261
123	226	6.07135
123	230	6.15297
123	246	6.29555
123	259	6.41438
123	298	0.00518085
123	300	0.0109373
124	65	2.11924
124	96	2.31633
124	114	3.38416
124	181	3.67212
124	209	3.53249
124	238	4.67723
124	282	6.10786
124	283	6.47654
124	286	6.1349
124	290	6.90926
124	294	7.05493
124	295	6.75019
124	296	6.7906
124	297	6.94392
124	298	7.10456
125	2	3.86076
125	21	4.40769
125	93	4.49922
125	99	4.63894
125	126	2.02539
125	149	4.66121
125	170	3.2209
125	189	5.33198
125	203	12.9912
125	234	0.00106281
125	245	6.73148
125	254	6.75878
125	255	6.91607
125	258	7.08683
125	266	7.93251
126	50	3.97038
126	97	5.09676
126	116	4.35415
126	121	4.5307
126	138	5.77154
126	196	4.75784
126	202	5.67973
126	210	5.36601
126	225	6.22153
126	238	10.8322
126	242	6.84158
126	244	6.28478
126	249	6.65591
126	254	6.42343
126	261	6.94522
127	18	1.86943
127	66	4.09299
127	103	3.47929
127	164	4.84862
127	174	5.08484
127	182	4.4918
127	192	4.98718
127	201	1.66188
127	208	5.30742
127	220	2.24472
127	243	6.28944
127	260	7.13677
127	264	7.10004
127	275	7.48233
127	277	7.36409
128	20	2.72128
128	28	2.54019
128	30	2.93227
128	72	2.72658
128	113	2.55707
128	132	4.23687
128	151	3.33534
128	159	3.62809
128	186	3.96498
128	263	6.50261
128	276	6.55571
128	284	6.837
128	293	7.68361
128	299	8.12784
128	300	7.79155
129	95	2.38875
129	124	2.46968
129	178	3.41564
129	181	3.69962
129	209	3.55999
129	233	4.79886
129	238	4.70472
129	283	6.50403
129	286	6.1624
129	290	6.93675
129	294	7.08242
129	295	6.77769
129	296	6.81809
129	297	6.97141
129	298	7.13206
130	55	5.39609
130	70	3.71841
130	73	6.13395
130	76	4.88937
130	148	6.42627
130	150	4.98592
130	160	5.39948
130	188	5.52627
130	194	0.000213912
130	197	0.00010127
130	218	5.7462
130	219	5.66634
130	229	6.67774
130	236	7.11425
130	275	11.4113
131	2	1.59264
131	4	0.000210342
131	13	6.79012
131	19	5.0265
131	106	4.09466
131	139	0.000443629
131	141	8.32491
131	158	7.19532
131	234	6.74463
131	235	1.3955e-05
131	239	7.4608
131	242	4.74183
131	252	6.55984
131	257	6.80539
131	287	15.9781
132	20	3.06617
132	26	2.40359
132	52	3.079
132	117	3.68998
132	159	3.97298
132	176	3.97171
132	204	5.12262
132	250	6.59313
132	276	6.90059
132	279	7.20674
132	289	7.57035
132	293	8.0285
132	295	12.7427
132	299	8.47273
132	300	8.13644
133	6	0.0020265
133	17	3.84808
133	51	4.45272
133	62	4.25451
133	66	6.05697
133	112	4.43078
133	184	4.97004
133	194	6.50715
133	207	5.63011
133	213	7.37755
133	214	7.59055
133	220	7.252
133	237	7.32932
133	250	6.50454
133	251	7.44538
134	8	3.87957
134	67	17.3412
134	83	3.24326
134	103	3.07574
134	127	4.81222
134	164	4.44508
134	192	4.58364
134	208	4.90387
134	214	5.83707
134	250	6.39254
134	260	6.73323
134	264	6.69649
134	275	7.07878
134	277	6.96055
134	300	9.26843
135	54	2.49916
135	65	2.27999
135	120	3.13661
135	122	2.72281
135	146	3.37657
135	165	3.37642
135	238	4.83798
135	283	6.63729
135	286	6.29565
135	290	7.07001
135	294	7.21568
135	295	6.91094
135	296	6.95135
135	297	7.10467
135	298	7.26531
136	26	3.70557
136	37	3.63616
136	58	3.58416
136	69	4.17832
136	93	4.35712
136	104	4.94479
136	189	5.18988
136	222	8.44493
136	245	6.58938
136	254	6.61668
136	255	6.77397
136	256	6.43207
136	258	6.94473
136	266	7.79042
136	298	10.139
137	47	5.61387
137	57	4.6804
137	110	4.95437
137	123	6.71008
137	154	5.48942
137	155	4.42566
137	216	5.26373
137	227	6.69398
137	230	6.2906
137	246	6.43318
137	258	1.36889
137	259	6.55201
137	261	5.45683
137	290	10.1222
137	292	11.1626
138	62	4.85228e-05
138	97	5.47304
138	118	1.6331
138	121	4.90697
138	144	5.23048
138	164	6.61315
138	170	5.60147
138	172	5.80309
138	211	6.17229
138	225	6.59781
138	228	6.48389
138	249	7.03219
138	260	9.45634
138	261	7.32149
138	268	8.7483
139	28	23.4924
139	37	3.81667
139	99	4.67735
139	104	5.1253
139	125	4.73678
139	136	4.46182
139	149	4.69963
139	166	0.496664
139	192	4.28013
139	245	6.76989
139	254	6.79719
139	256	6.61258
139	258	7.12524
139	266	7.97093
139	279	0.00282927
140	39	5.40607
140	44	4.10821
140	46	5.33978
140	81	0.00102291
140	117	9.09536
140	145	6.36241
140	152	6.49602
140	153	9.22176e-05
140	157	4.89627
140	191	5.69279
140	197	6.58067
140	248	7.80113
140	267	7.78717
140	276	6.37102
140	289	2.93405
141	13	6.82328
141	34	4.12596
141	43	6.13709
141	71	4.68901
141	83	5.84448
141	86	5.21339
141	94	5.0689
141	116	2.5537e-06
141	119	2.09235
141	146	5.77408
141	252	6.59299
141	266	3.25788e-05
141	283	8.32536
141	290	4.09923
141	294	2.11268
142	25	2.78685
142	45	3.17362
142	68	2.81273
142	100	4.04829
142	153	4.4112
142	177	4.22954
142	185	4.58344
142	193	4.16494
142	200	4.26815
142	231	5.80855
142	262	6.25223
142	270	6.4539
142	272	6.95518
142	273	6.38369
142	278	7.04435
143	42	4.91583
143	58	1.27809
143	123	7.08459
143	137	5.06569
143	159	9.5697
143	174	0.000434585
143	180	5.9586
143	190	5.67437
143	194	0.000187612
143	205	6.40231
143	216	5.63823
143	227	7.06848
143	246	6.80769
143	259	6.92652
143	290	10.883
144	72	7.22527
144	90	7.89811e-05
144	126	4.66909
144	138	5.59049
144	172	5.24576
144	202	5.49868
144	211	5.61496
144	217	16.7552
144	219	4.19135
144	225	6.04048
144	228	5.92656
144	242	6.66053
144	244	6.10373
144	249	6.47486
144	261	6.76417
145	57	5.42597e-05
145	74	4.51064
145	80	3.69862e-05
145	102	5.6254
145	106	0.000332225
145	138	4.33205e-05
145	140	6.47482
145	155	4.0689
145	157	5.50627
145	175	5.44696
145	195	6.99414
145	198	6.29179
145	248	8.41113
145	272	8.99209
145	300	11.1056
146	54	2.6608
146	114	3.70656
146	118	3.43116
146	124	2.76457
146	129	2.95322
146	135	3.07886
146	238	4.99962
146	282	6.43026
146	283	6.79893
146	290	7.23165
146	294	7.37732
146	295	7.07259
146	296	7.11299
146	297	7.26631
146	298	7.42695
147	67	2.45789
147	92	2.5706
147	183	4.10533
147	206	4.11741
147	217	4.40414
147	221	4.91018
147	247	5.16007
147	265	6.13948
147	267	6.34429
147	269	6.30342
147	280	7.26315
147	285	6.61207
147	287	6.5501
147	291	6.82131
147	292	7.08381
148	3	0.00316616
148	11	4.8835
148	48	7.75438
148	76	5.66829
148	90	4.91178
148	93	0.000479887
148	98	7.70626
148	130	4.49863
148	168	4.99349
148	188	6.30518
148	217	10.893
148	218	6.52511
148	219	6.44525
148	280	0.00712838
148	283	9.66348
149	2	3.80144
149	9	15.1573
149	37	3.71893
149	51	1.71483
149	58	3.66693
149	79	4.35247
149	99	4.57961
149	125	4.63904
149	227	0.000509337
149	245	6.67215
149	254	6.69945
149	255	6.85674
149	256	6.51484
149	258	7.0275
149	266	7.87319
150	39	6.13662e-05
150	40	5.29788
150	55	6.02857
150	70	4.35089
150	85	4.57404
150	90	4.76534
150	130	4.3522
150	160	6.03195
150	168	4.84705
150	179	7.52313
150	191	0.000327322
150	229	7.31022
150	236	7.74673
150	270	12.012
150	279	10.3993
151	12	2.5143
151	113	2.2432
151	186	3.6511
151	204	4.46385
151	257	11.1915
151	263	6.18873
151	271	6.67344
151	276	6.24183
151	279	6.54798
151	281	6.67287
151	288	6.99709
151	289	6.91158
151	293	7.36973
151	299	7.81397
151	300	7.47767
152	32	5.36544
152	34	0.000409256
152	39	5.67276
152	52	9.61813
152	75	7.95686
152	140	6.13151
152	143	0.0004324
152	195	6.65083
152	235	6.87306
152	241	0.000227546
152	248	8.06782
152	264	5.86634
152	266	1.45003
152	272	7.24236
152	299	5.47106
153	53	3.61356
153	78	3.00456
153	84	4.09492
153	166	4.74289
153	192	10.2593
153	199	4.71103
153	222	5.76778
153	262	6.52922
153	268	6.75004
153	270	6.73089
153	272	7.23217
153	273	6.66068
153	278	7.32133
153	283	11.5464
153	285	7.96591
154	4	5.09323
154	27	5.88879
154	49	8.07283
154	57	4.8376
154	123	6.86729
154	207	3.50316
154	216	5.42093
154	226	6.36618
154	227	6.85118
154	230	6.4478
154	246	6.59039
154	259	6.70921
154	268	3.58236
154	274	9.4398
154	294	5.11245
155	4	4.89613
155	7	3.72212
155	31	6.53374e-05
155	47	5.57398
155	57	4.64051
155	83	16.5837
155	123	6.67019
155	143	5.48777
155	154	5.44952
155	190	5.25997
155	226	6.16909
155	227	6.65408
155	230	6.2507
155	259	6.51211
155	262	6.40514
156	147	3.47435
156	167	3.65423
156	206	4.24801
156	217	4.53474
156	221	5.04079
156	247	5.29068
156	253	5.73322
156	265	6.27008
156	267	6.47489
156	271	11.5731
156	280	7.39376
156	285	6.74268
156	287	6.6807
156	291	6.95192
156	292	7.21441
157	32	5.00595
157	39	5.31327
157	44	4.01542
157	94	0.968554
157	102	4.9226
157	145	6.26962
157	152	6.40323
157	176	4.62617
157	191	5.6
157	197	6.48788
157	198	5.58899
157	224	9.19044
157	235	6.51358
157	248	7.70833
157	262	7.03841
158	10	6.75651
158	16	4.8097
158	71	4.48789
158	106	3.92668
158	141	8.15693
158	152	8.94064e-05
158	178	17.9502
158	187	6.08939
158	188	4.32135e-05
158	216	0.00832035
158	234	6.57666
158	252	6.39186
158	266	0.000280374
158	267	6.42265
158	285	5.75735
159	9	1.88155
159	64	3.41164
159	117	3.18351
159	151	3.17377
159	186	3.8034
159	212	4.76402
159	240	5.38553
159	263	6.34103
159	271	6.82574
159	279	6.70028
159	281	6.82517
159	284	6.67542
159	293	7.52203
159	299	7.96627
159	300	7.62997
160	8	3.35495
160	70	4.32553
160	79	7.8861e-05
160	90	4.73998
160	98	7.53447
160	150	5.59304
160	168	4.82169
160	188	6.13338
160	218	6.35332
160	219	6.27345
160	229	7.28486
160	231	4.99095
160	233	13.1353
160	236	7.72137
160	288	8.22318
161	29	4.37821
161	33	5.44007
161	62	4.61378
161	112	4.79004
161	115	5.21029
161	123	6.44175e-06
161	148	7.03637e-05
161	173	6.54504
161	204	6.01873
161	207	5.98937
161	220	7.61127
161	237	7.68859
161	251	7.80464
161	253	11.3461
161	297	10.713
162	67	2.49852
162	105	2.94983
162	167	3.56426
162	203	4.19315
162	206	4.15804
162	221	4.95081
162	253	5.64325
162	265	6.18011
162	267	6.38492
162	269	6.34405
162	274	6.50929
162	285	6.6527
162	287	6.59073
162	291	6.86194
162	292	7.12444
163	66	3.64373
163	87	3.89011
163	107	4.15684
163	177	4.83418
163	182	4.04255
163	193	12.7861
163	196	4.65617
163	214	5.79136
163	224	5.5283
163	243	5.84018
163	250	6.34684
163	260	6.68752
163	264	6.65079
163	275	7.03307
163	277	6.91484
164	8	3.95654
164	43	1.45707
164	163	4.25019
164	174	4.75826
164	182	4.16523
164	196	4.77885
164	223	5.54026
164	224	5.65097
164	227	0.000640512
164	243	5.96286
164	250	6.46951
164	260	6.81019
164	264	6.77346
164	275	7.15575
164	277	7.03752
165	15	2.58916
165	54	2.65376
165	91	2.43249
165	129	2.94618
165	178	3.7035
165	181	3.98747
165	282	6.42322
165	283	6.79189
165	286	6.45026
165	290	7.22461
165	294	7.37028
165	295	7.06554
165	296	7.10595
165	297	7.25927
165	298	7.41991
166	17	0.00816734
166	80	3.85029
166	130	10.3569
166	153	4.82164
166	163	8.29314
166	193	4.57537
166	200	4.67858
166	222	5.90123
166	231	6.21899
166	262	6.66267
166	268	6.88349
166	270	6.86434
166	272	7.36562
166	273	6.79413
166	278	7.45478
167	48	2.52681
167	88	2.53807
167	92	2.57816
167	183	4.11289
167	247	5.16763
167	253	5.61018
167	265	6.14704
167	267	6.35185
167	269	6.31098
167	274	6.47622
167	280	7.27071
167	285	6.61963
167	287	6.55766
167	291	6.82887
167	292	7.09137
168	40	4.76629
168	70	3.8193
168	76	4.99026
168	85	4.04245
168	98	7.02824
168	148	6.52716
168	160	5.50036
168	179	6.99155
168	193	11.2642
168	218	5.84709
168	219	5.76722
168	229	6.77863
168	236	7.21514
168	254	5.22012
168	290	12.8684
169	10	6.69881
169	16	4.752
169	34	3.86714
169	43	5.87827
169	68	16.4364
169	71	4.43019
169	75	0.000765973
169	81	6.28516
169	86	4.95457
169	94	4.81007
169	96	13.8909
169	158	6.96965
169	234	6.51896
169	252	6.33417
169	257	6.57972
170	22	4.549
170	116	4.35901
170	121	4.53557
170	124	13.128
170	126	4.85501
170	144	4.85908
170	210	5.37088
170	225	6.2264
170	228	6.11248
170	242	6.84645
170	244	6.28965
170	248	0.598219
170	249	6.66078
170	261	6.95009
170	294	12.6057
171	48	2.55166
171	162	3.58392
171	167	3.55604
171	217	4.43655
171	221	4.94259
171	247	5.19248
171	253	5.63503
171	265	6.17189
171	267	6.3767
171	274	6.50107
171	280	7.29556
171	285	6.64448
171	287	6.58251
171	291	6.85372
171	292	7.11622
172	6	5.12072
172	102	2.32899
172	121	4.56742
172	167	11.8009
172	170	5.26192
172	197	1.56245e-05
172	198	2.92057
172	202	5.71645
172	211	5.83273
172	225	6.25825
172	228	6.14434
172	242	6.8783
172	249	6.69263
172	261	6.98194
172	293	11.7241
173	29	4.25777
173	33	5.31964
173	56	4.39137
173	62	4.49334
173	64	1.96496
173	65	15.4941
173	111	4.95896
173	112	4.6696
173	115	5.08986
173	147	4.34369
173	189	0.000162946
173	220	7.49083
173	241	7.54136
173	251	7.6842
173	274	9.53772
174	107	4.35316
174	127	4.96284
174	205	5.15057
174	214	5.98768
174	215	5.46861
174	223	5.61391
174	224	5.72462
174	243	6.0365
174	250	6.54316
174	260	6.88384
174	264	6.84711
174	275	7.22939
174	277	7.11116
174	279	10.7895
174	281	13.958
175	39	5.21215
175	60	9.46997
175	63	14.704
175	74	3.70672
175	75	7.49625
175	102	4.82148
175	136	0.978603
175	140	5.6709
175	145	6.16849
175	152	6.3021
175	157	4.70235
175	195	6.19022
175	197	6.38675
175	235	6.41245
175	248	7.60721
176	33	5.02969
176	70	1.58973
176	74	0.00212635
176	109	5.63683
176	128	12.9618
176	133	4.81063
176	161	5.91314
176	173	6.13465
176	184	4.91891
176	213	7.32642
176	220	7.20088
176	236	0.00127126
176	237	7.2782
176	241	7.25141
176	251	7.39425
177	53	3.61259
177	165	11.0861
177	173	2.69711e-06
177	185	4.85945
177	199	4.71006
177	200	4.54416
177	222	5.76681
177	231	6.08457
177	232	5.76007
177	262	6.52825
177	268	6.74907
177	270	6.72992
177	272	7.2312
177	273	6.65971
177	278	7.32036
178	49	3.00531
178	96	2.67176
178	119	3.12891
178	122	2.91749
178	124	2.79761
178	146	3.57125
178	233	5.12679
178	282	6.46329
178	286	6.49033
178	290	7.26468
178	294	7.41035
178	295	7.10562
178	296	7.14603
178	297	7.29935
178	298	7.45999
179	53	0.0010613
179	55	5.68122
179	69	0.00468461
179	90	4.41799
179	98	7.21248
179	103	8.69543
179	130	4.00485
179	146	6.47432
179	150	5.27105
179	168	4.49971
179	188	5.81139
179	217	10.2552
179	222	0.00734109
179	236	7.39938
179	267	6.11039
180	7	4.23196
180	18	4.32843
180	69	0.516306
180	110	5.42432
180	112	4.84976
180	137	5.16113
180	143	5.99762
180	154	5.95937
180	155	4.89561
180	167	11.8286
180	190	5.76982
180	230	6.76055
180	246	6.90313
180	259	7.02196
180	288	11.2213
181	49	3.19058
181	65	2.65994
181	118	3.64947
181	120	3.51656
181	122	3.10276
181	268	13.0686
181	282	6.64857
181	283	7.01724
181	286	6.67561
181	290	7.44996
181	294	7.59563
181	295	7.29089
181	296	7.3313
181	297	7.48462
181	298	7.64526
182	103	2.88277
182	127	4.61925
182	134	3.92193
182	164	4.25211
182	174	4.48832
182	192	4.39067
182	208	4.7109
182	214	5.6441
182	223	5.27032
182	224	5.38103
182	243	5.69292
182	260	6.54025
182	264	6.50352
182	275	6.88581
182	277	6.76758
183	1	2.37619
183	67	2.67786
183	88	2.75048
183	92	2.79057
183	162	3.77149
183	217	4.62411
183	253	5.82259
183	265	6.35945
183	267	6.56426
183	274	6.68863
183	280	7.48313
183	285	6.83204
183	287	6.77007
183	291	7.04128
183	292	7.30378
184	17	3.66522
184	35	6.59424
184	111	4.53728
184	115	4.66817
184	161	5.7814
184	176	4.94538
184	194	6.32429
184	204	8.77539
184	207	5.44725
184	213	7.19469
184	237	7.14647
184	241	7.11967
184	242	6.51548
184	245	2.02367
184	251	7.26252
185	25	3.16466
185	53	3.71438
185	78	3.10538
185	142	4.0393
185	200	4.64595
185	231	6.18636
185	232	5.86186
185	236	0.0058637
185	262	6.63004
185	268	6.85086
185	270	6.83171
185	272	7.33299
185	273	6.7615
185	278	7.42215
185	299	12.3219
186	23	2.60354
186	41	3.1709
186	64	3.50374
186	117	3.27561
186	151	3.26587
186	240	5.47763
186	263	6.43314
186	271	6.91785
186	276	6.48623
186	279	6.79238
186	284	6.76752
186	288	7.24149
186	293	7.61413
186	299	8.05837
186	300	7.72208
187	10	6.72134
187	16	4.77453
187	34	3.88966
187	94	4.8326
187	106	3.89151
187	131	5.05329
187	158	6.99217
187	171	9.26563
187	199	7.72028
187	234	6.54148
187	239	7.25766
187	255	1.36006
187	257	6.60225
187	283	10.1373
187	288	4.49534
188	11	4.64168
188	36	2.41239
188	70	4.2555
188	115	7.33976e-05
188	130	4.25681
188	148	6.96336
188	168	4.75166
188	179	7.42774
188	181	4.82314
188	218	6.28329
188	219	6.20342
188	229	7.21483
188	236	7.65134
188	282	13.1751
188	292	12.1095
189	2	3.95516
189	69	4.4148
189	104	5.18128
189	125	4.79276
189	181	7.99747
189	201	6.19231
189	213	7.03857e-05
189	231	9.59538
189	245	6.82587
189	247	12.178
189	254	6.85317
189	255	7.01046
189	256	6.66856
189	258	7.18122
189	266	8.02691
190	18	4.12559
190	29	8.78024
190	47	5.88099
190	110	5.22148
190	143	5.79478
190	154	5.75653
190	180	5.85121
190	216	5.53084
190	226	6.47609
190	227	6.96109
190	232	4.39432
190	246	6.7003
190	259	6.81912
190	263	7.98715
190	286	8.832
191	14	5.03757
191	22	3.31596e-05
191	39	5.54843
191	48	15.738
191	75	7.83253
191	80	5.48383e-05
191	152	6.63838
191	157	5.03864
191	175	4.97932
191	182	11.7474
191	195	6.52651
191	198	5.82415
191	235	6.74874
191	241	2.33321e-06
191	248	7.94349
192	66	3.68726
192	79	4.76284
192	87	3.93363
192	127	4.81004
192	164	4.44289
192	182	4.08607
192	205	4.99778
192	208	4.90169
192	214	5.83489
192	223	5.46111
192	224	5.57182
192	250	6.39036
192	260	6.73104
192	275	7.0766
192	277	6.95837
193	94	4.42413
193	142	3.81248
193	153	4.56218
193	166	4.61689
193	177	4.38052
193	185	4.73442
193	199	4.58503
193	222	5.64178
193	232	5.63504
193	262	6.40321
193	268	6.62404
193	270	6.60488
193	272	7.10616
193	273	6.53467
193	278	7.19533
194	9	8.35419
194	17	4.08975
194	111	4.96181
194	133	5.10343
194	161	6.20594
194	184	5.21172
194	189	4.79576e-05
194	199	11.5921
194	207	5.87179
194	213	7.61923
194	234	0.00143599
194	237	7.571
194	238	6.54349
194	251	7.68705
194	298	6.43371
195	14	5.27724
195	44	4.49024
195	74	4.28267
195	97	0.00120837
195	102	5.39743
195	150	2.11587e-05
195	191	6.07482
195	197	6.96271
195	198	6.06382
195	204	7.01163
195	230	2.98439
195	235	6.9884
195	248	8.18316
195	271	5.65518
195	282	14.582
196	66	3.8106
196	87	4.05698
196	121	5.01469
196	163	4.29438
196	182	4.20942
196	205	5.12112
196	207	11.2021
196	208	5.02503
196	223	5.58446
196	243	6.00705
196	250	6.51371
196	260	6.85439
196	264	6.81766
196	275	7.19994
196	277	7.08171
197	14	4.96717
197	38	4.3111
197	99	0.000162078
197	140	5.93678
197	157	4.96823
197	191	5.76475
197	195	6.4561
197	198	5.75375
197	228	8.20532
197	233	11.7017
197	235	6.67833
197	244	0.00337796
197	248	7.87309
197	267	9.51634
197	278	3.63669
198	46	5.50817
198	102	5.18378
198	140	6.0332
198	145	6.5308
198	172	0.532642
198	175	5.00534
198	190	0.717983
198	191	5.86118
198	195	6.55253
198	196	5.31023
198	197	6.74906
198	235	6.77476
198	248	7.96951
198	258	5.87072
198	264	8.71725
199	45	3.39944
199	71	6.20532
199	80	3.66568
199	84	4.04376
199	166	4.69174
199	200	4.49397
199	222	5.71662
199	231	6.03438
199	232	5.70988
199	262	6.47806
199	268	6.69888
199	270	6.67973
199	272	7.18101
199	273	6.60952
199	278	7.27017
200	68	2.94546
200	78	2.8603
200	80	3.57258
200	84	3.95066
200	177	4.36226
200	199	4.56677
200	222	5.62352
200	231	5.94128
200	232	5.61678
200	262	6.38496
200	268	6.60578
200	270	6.58663
200	272	7.08791
200	273	6.51642
200	278	7.17707
201	21	4.72351
201	31	4.39288
201	61	5.44407e-05
201	69	4.63623
201	79	4.72762
201	125	5.01418
201	170	1.68714
201	189	5.6478
201	210	2.52408
201	254	7.0746
201	255	7.23189
201	258	7.40265
201	266	8.24833
201	275	7.23525
201	294	9.51758
202	5	4.21858
202	36	4.44158
202	50	4.08698
202	116	4.47074
202	139	0.00914011
202	144	4.9708
202	170	5.34179
202	172	5.54341
202	194	0.00439904
202	211	5.9126
202	213	0.983534
202	225	6.33813
202	228	6.22421
202	244	6.40138
202	261	7.06181
203	1	2.36428
203	92	2.77866
203	156	3.96649
203	167	3.73169
203	183	4.31339
203	247	5.36813
203	253	5.81068
203	265	6.34754
203	269	6.51148
203	274	6.67672
203	280	7.47121
203	285	6.82013
203	287	6.75816
203	291	7.02937
203	292	7.29187
204	9	2.35471
204	20	3.03287
204	32	0.00427108
204	89	3.5819
204	159	3.93968
204	225	7.98813
204	263	6.8142
204	271	7.29891
204	279	7.17344
204	281	7.29833
204	284	7.14858
204	288	7.62255
204	289	7.53705
204	299	8.43943
204	300	8.10314
205	66	3.86065
205	87	4.10702
205	107	4.37376
205	164	4.61628
205	182	4.25946
205	196	4.87309
205	208	5.07508
205	214	6.00828
205	224	5.74521
205	236	0.00140052
205	243	6.0571
205	250	6.56375
205	264	6.8677
205	275	7.24999
205	277	7.13176
206	48	2.70231
206	63	3.11805
206	147	3.52681
206	156	3.94149
206	162	3.73458
206	171	3.81617
206	247	5.34313
206	253	5.78568
206	269	6.48648
206	274	6.65172
206	280	7.44621
206	285	6.79513
206	287	6.73316
206	291	7.00437
206	292	7.26687
207	35	6.89398
207	62	4.37139
207	89	3.02426
207	104	0.141087
207	109	5.80483
207	111	4.83701
207	115	4.9679
207	133	4.97863
207	154	0.00509757
207	176	5.24512
207	184	5.08691
207	213	7.49442
207	220	7.36888
207	241	7.41941
207	297	16.6193
208	83	3.3983
208	134	4.26995
208	163	4.32827
208	184	6.77052
208	192	4.73868
208	205	5.15501
208	214	5.99212
208	223	5.61834
208	224	5.72905
208	250	6.54759
208	260	6.88827
208	264	6.85154
208	270	16.9501
208	275	7.23383
208	277	7.1156
209	114	3.72018
209	119	3.1095
209	135	3.09248
209	178	3.72417
209	181	4.00814
209	238	5.01325
209	282	6.44389
209	283	6.81256
209	286	6.47093
209	290	7.24528
209	294	7.39095
209	295	7.08621
209	296	7.12662
209	297	7.27994
209	298	7.44058
210	36	4.28309
210	82	1.89296
210	121	4.4888
210	122	19.8404
210	138	5.72965
210	161	1.2806e-05
210	170	5.1833
210	172	5.38492
210	202	5.63783
210	211	5.75411
210	228	6.06572
210	242	6.79968
210	244	6.24289
210	249	6.61402
210	261	6.90332
211	5	4.21379
211	36	4.43679
211	105	5.04669
211	116	4.46595
211	136	3.25071
211	138	5.88335
211	202	5.79153
211	210	5.47782
211	228	6.21942
211	237	0.122388
211	238	12.0834
211	242	6.95338
211	244	6.39659
211	249	6.76772
211	261	7.05702
212	3	2.74581
212	28	2.88823
212	52	3.08215
212	77	3.24069
212	119	13.4069
212	215	6.13018
212	263	6.85065
212	271	7.33536
212	276	6.90374
212	281	7.33478
212	288	7.659
212	289	7.5735
212	293	8.03164
212	299	8.47588
212	300	8.13959
213	6	0.00070012
213	56	4.5382
213	138	0.000222491
213	173	6.57143
213	176	5.5139
213	184	5.35569
213	194	6.8928
213	207	6.01577
213	219	3.83521
213	228	10.9432
213	241	7.68818
213	251	7.83103
213	256	4.18289
213	289	7.40112
213	294	8.95677
214	83	3.73348
214	107	4.69277
214	134	4.60512
214	143	2.86339e-05
214	163	4.66344
214	174	5.17151
214	192	5.07386
214	212	7.79715
214	223	5.95351
214	224	6.06423
214	234	2.15995
214	243	6.37611
214	264	7.18671
214	275	7.569
214	277	7.45077
215	30	3.62561
215	59	4.19473
215	77	3.58599
215	113	3.25041
215	159	4.32143
215	175	2.83301
215	204	5.47107
215	232	7.4315
215	256	8.84633
215	271	7.68066
215	281	7.68009
215	284	7.53034
215	288	8.00431
215	289	7.9188
215	299	8.82119
216	4	5.04873
216	27	5.84429
216	42	4.65403
216	110	5.06707
216	123	6.82279
216	137	4.80388
216	141	0.00692244
216	154	5.60212
216	180	5.6968
216	226	6.32169
216	230	6.4033
216	246	6.54589
216	259	6.66471
216	288	14.447
216	293	14.9774
217	24	2.49003
217	147	3.56612
217	156	3.9808
217	171	3.85548
217	206	4.33978
217	221	5.13256
217	247	5.38245
217	267	6.56666
217	269	6.52579
217	274	6.69103
217	280	7.48553
217	285	6.83445
217	287	6.77247
217	291	7.04369
217	292	7.30618
218	70	4.3337
218	73	6.74923
218	85	4.55684
218	98	7.54264
218	130	4.33501
218	150	5.6012
218	153	4.76181e-06
218	160	6.01476
218	168	4.82986
218	212	5.65342
218	219	6.28162
218	229	7.29302
218	236	7.72954
218	265	12.4978
218	300	11.0608
219	11	4.71898
219	19	0.00243671
219	21	0.225374
219	55	6.01048
219	76	5.50376
219	81	0.00233688
219	90	4.74725
219	130	4.33411
219	150	5.6003
219	179	7.50504
219	205	11.0824
219	218	6.36058
219	229	7.29212
219	236	7.72864
219	278	10.9944
220	17	4.18566
220	55	7.10542e-06
220	99	8.74854e-05
220	109	6.02553
220	112	4.76836
220	175	1.48185e-05
220	184	5.30762
220	194	6.84473
220	209	15.0498
220	213	7.71513
220	241	7.64011
220	250	3.76145
220	251	7.78296
220	269	9.44036
220	272	7.45481
221	67	2.87482
221	88	2.94744
221	92	2.98754
221	147	3.76068
221	171	4.05004
221	183	4.52227
221	253	6.01955
221	265	6.55641
221	267	6.76122
221	269	6.72036
221	274	6.88559
221	280	7.68009
221	287	6.96703
221	291	7.23825
221	292	7.50074
222	25	3.3927
222	45	3.77946
222	100	4.65413
222	131	2.20558
222	166	5.07175
222	211	8.58556
222	231	6.4144
222	232	6.0899
222	262	6.85807
222	268	7.0789
222	270	7.05975
222	272	7.56103
222	273	6.98954
222	278	7.65019
222	298	13.1202
223	127	5.07549
223	134	4.37817
223	174	4.94456
223	189	3.11108
223	192	4.84691
223	196	4.96515
223	205	5.26323
223	208	5.16714
223	243	6.14916
223	250	6.65581
223	264	6.95976
223	265	12.5651
223	275	7.34205
223	277	7.22382
223	296	14.5493
224	8	4.18717
224	103	3.38333
224	118	5.33134
224	174	4.98889
224	182	4.39585
224	196	5.00947
224	208	5.21146
224	214	6.14466
224	223	5.77089
224	250	6.70014
224	260	7.04082
224	264	7.00409
224	265	14.9829
224	275	7.38637
224	277	7.26814
225	7	3.67861
225	36	4.50619
225	50	4.15159
225	55	0.000729987
225	97	5.27796
225	172	5.60801
225	177	9.79488
225	202	5.86093
225	211	5.97721
225	228	6.28882
225	237	0.00108868
225	242	7.02278
225	244	6.46598
225	249	6.83711
225	261	7.12642
226	3	4.23929
226	18	4.1229
226	42	4.80575
226	123	6.97451
226	137	4.9556
226	154	5.75384
226	180	5.84852
226	216	5.52815
226	227	6.9584
226	253	10.9091
226	258	2.2928
226	259	6.81644
226	280	4.02472
226	284	8.31204
226	292	12.0866
227	143	5.8692
227	154	5.83095
227	155	4.7672
227	180	5.92563
227	190	5.6414
227	226	6.55052
227	230	6.63213
227	239	0.000470637
227	244	3.02027
227	255	6.92085
227	259	6.89355
227	263	6.88955
227	280	4.45055
227	286	7.7344
227	297	10.7018
228	6	5.21
228	22	4.67012
228	32	0.00786538
228	36	4.45098
228	97	5.22276
228	109	0.00474075
228	126	4.97613
228	144	4.9802
228	170	5.35119
228	201	2.11985
228	202	5.80572
228	225	6.34753
228	244	6.41078
228	249	6.78191
228	261	7.07121
229	11	4.72061
229	40	5.28142
229	85	4.55757
229	90	4.74888
229	127	6.69442
229	148	7.04229
229	149	4.28062
229	150	5.60193
229	188	6.14228
229	219	6.28235
229	220	0.000961423
229	231	6.0261
229	236	7.73027
229	277	9.26038
229	284	7.94006
230	3	4.47263
230	27	6.22935
230	31	0.000317943
230	42	5.03909
230	110	5.45213
230	140	4.25843e-05
230	143	6.02543
230	154	5.98718
230	158	6.60787e-05
230	226	6.70674
230	227	7.19174
230	246	6.93095
230	259	7.04977
230	285	15.1808
230	290	14.5352
231	25	3.47801
231	35	0.00272213
231	53	4.02774
231	80	4.13101
231	100	4.73945
231	153	5.10236
231	180	2.84024
231	185	5.2746
231	232	6.17522
231	268	7.16422
231	270	7.14507
231	272	7.64634
231	273	7.07486
231	278	7.73551
231	299	10.2274
232	95	13.8451
232	115	0.000962053
232	142	4.21359
232	184	4.60227
232	185	5.13553
232	193	4.71703
232	200	4.82024
232	222	6.04289
232	231	6.36064
232	262	6.80432
232	268	7.02515
232	270	7.00599
232	272	7.50727
232	273	6.93578
232	278	7.59644
233	15	2.98177
233	95	3.06922
233	119	3.48145
233	129	3.33879
233	135	3.46443
233	146	3.92379
233	178	4.09611
233	282	6.81583
233	283	7.18451
233	286	6.84287
233	290	7.61722
233	294	7.76289
233	296	7.49857
233	297	7.65189
233	298	7.81253
234	13	6.92205
234	19	5.15843
234	41	10.687
234	81	6.64276
234	101	6.04802
234	119	11.0026
234	130	4.76889
234	158	7.32725
234	165	9.09852
234	169	5.26371
234	179	0.00166672
234	191	1.08062
234	239	7.59273
234	252	6.69177
234	257	6.93732
235	10	0.000537978
235	14	5.05988
235	38	4.40381
235	46	5.50445
235	140	6.02948
235	145	6.52708
235	152	6.66069
235	175	5.00163
235	191	5.85746
235	198	5.84646
235	248	7.9658
235	253	11.6879
235	271	5.00409
235	293	10.9395
235	297	11.0548
236	55	5.82851
236	76	5.32179
236	85	4.37398
236	114	2.22806
236	139	2.74807e-06
236	148	6.85869
236	150	5.41834
236	160	5.83189
236	168	4.64699
236	186	9.43118
236	216	2.66381
236	218	6.17862
236	253	9.06698
236	273	9.81597
236	293	8.31859
237	17	4.27039
237	35	7.19941
237	51	4.87503
237	62	4.67683
237	98	0.000773514
237	109	6.11026
237	111	5.14245
237	158	6.67441e-05
237	171	15.7174
237	173	6.60809
237	184	5.39235
237	186	12.59
237	207	6.05242
237	231	7.71485
237	280	5.34149
238	49	3.35948
238	54	3.04801
238	114	4.09376
238	119	3.48308
238	120	3.68546
238	181	4.38172
238	233	5.48096
238	282	6.81746
238	283	7.18614
238	286	6.8445
238	290	7.61886
238	295	7.45979
238	296	7.5002
238	297	7.65352
238	298	7.81416
239	10	7.02813
239	98	2.12638e-05
239	133	2.43998
239	141	8.42855
239	158	7.29896
239	169	5.23543
239	187	6.36101
239	216	5.80882
239	234	6.84827
239	235	0.000735817
239	240	5.5152
239	257	6.90904
239	293	11.4636
239	299	6.047
239	300	9.9318
240	23	3.14548
240	26	2.53117
240	113	3.02954
240	141	0.00461621
240	204	5.2502
240	212	5.39807
240	263	6.97508
240	276	7.02818
240	279	7.33433
240	281	7.45922
240	284	7.30947
240	286	11.8864
240	288	7.78344
240	289	7.69793
240	299	8.60031
241	33	5.30216
241	37	5.92072
241	51	4.67406
241	141	0.000473791
241	173	6.40712
241	176	5.34958
241	184	5.19138
241	198	1.81412
241	220	7.47335
241	237	7.55067
241	251	7.66672
241	264	5.59632
241	269	8.95789
241	271	4.68227
241	291	10.8672
242	5	4.43555
242	6	5.41756
242	50	4.30395
242	74	0.000637597
242	116	4.68771
242	126	5.1837
242	147	12.2893
242	152	0.000939359
242	168	1.9095
242	211	6.12957
242	225	6.5551
242	244	6.61835
242	249	6.98948
242	261	7.27878
242	269	12.5973
243	8	4.22657
243	66	4.03644
243	144	3.35526e-05
243	146	15.7863
243	163	4.52021
243	196	5.04888
243	214	6.18406
243	223	5.81029
243	224	5.921
243	250	6.73954
243	260	7.08022
243	264	7.04349
243	275	7.42578
243	277	7.30754
243	289	10.5693
244	22	4.5929
244	36	4.37376
244	50	4.01916
244	117	17.4139
244	144	4.90298
244	172	5.47558
244	183	15.9753
244	202	5.7285
244	210	5.41478
244	218	2.88449
244	225	6.2703
244	228	6.15639
244	242	6.89035
244	249	6.70468
244	261	6.99399
245	37	4.09313
245	93	4.8141
245	99	4.95382
245	104	5.40177
245	125	5.01324
245	135	13.4335
245	151	13.4229
245	189	5.64686
245	201	6.41279
245	229	1.1066e-05
245	255	7.23095
245	256	6.88905
245	258	7.40171
245	266	8.24739
245	275	9.03868
246	4	5.33752
246	18	4.25997
246	57	5.08189
246	110	5.35586
246	128	13.5551
246	137	5.09267
246	154	5.89091
246	155	4.82715
246	190	5.70136
246	195	0.135356
246	216	5.66522
246	226	6.61047
246	230	6.69209
246	249	6.04423
246	259	6.9535
247	48	2.89323
247	203	4.52649
247	206	4.49139
247	217	4.77811
247	221	5.28416
247	253	5.97659
247	265	6.51346
247	267	6.71827
247	269	6.6774
247	274	6.84263
247	280	7.63713
247	285	6.98605
247	287	6.92407
247	291	7.19529
247	292	7.45778
248	32	5.31156
248	74	4.11346
248	75	7.90299
248	152	6.70884
248	156	9.93434
248	158	0.00477707
248	195	6.59696
248	214	6.12351
248	235	6.81919
248	243	3.0388
248	245	1.0455
248	251	0.0047797
248	261	8.59623
248	286	9.52406
248	299	6.95955
249	6	5.22888
249	22	4.68901
249	84	0.000174837
249	116	4.49903
249	126	4.99502
249	170	5.37008
249	172	5.5717
249	210	5.5109
249	211	5.94089
249	219	7.56443
249	225	6.36642
249	228	6.2525
249	244	6.42967
249	261	7.0901
249	285	15.3182
250	29	11.0457
250	83	3.69407
250	116	0.138133
250	159	13.5217
250	163	4.62404
250	182	4.53907
250	196	5.1527
250	205	5.45078
250	214	6.28788
250	223	5.91411
250	224	6.02482
250	260	7.18404
250	264	7.14731
250	275	7.5296
250	277	7.41136
251	12	4.71662
251	29	3.60327
251	35	6.36143
251	63	10.2856
251	133	4.44608
251	161	5.54859
251	202	8.89802
251	207	5.21444
251	208	4.24657
251	213	6.96187
251	228	8.63237
251	237	6.91365
251	241	6.88686
251	263	4.05003
251	300	6.21517
252	19	4.9839
252	34	4.05021
252	43	6.06134
252	71	4.61326
252	81	6.46823
252	82	3.74778
252	141	8.28231
252	169	5.08918
252	187	6.21477
252	234	6.70203
252	239	7.4182
252	257	6.76279
252	268	11.7259
252	269	12.6973
252	295	13.1679
253	24	2.72738
253	67	2.91761
253	88	2.99023
253	162	4.01124
253	171	4.09283
253	247	5.6198
253	265	6.5992
253	267	6.80401
253	269	6.76315
253	274	6.92838
253	280	7.72288
253	285	7.0718
253	287	7.00982
253	291	7.28104
253	292	7.54353
254	2	4.09757
254	91	19.0181
254	99	4.87574
254	125	4.93517
254	136	4.66021
254	139	5.76585
254	201	6.33472
254	235	0.00171403
254	243	4.7835
254	245	6.96828
254	248	1.01235
254	255	7.15287
254	256	6.81097
254	258	7.32363
254	266	8.16932
255	2	4.12142
255	21	4.66835
255	93	4.75987
255	99	4.8996
255	108	4.98472
255	136	4.68406
255	190	2.16413
255	201	6.35857
255	234	2.60836
255	239	0.262206
255	254	7.01944
255	256	6.83483
255	258	7.34748
255	266	8.19317
255	267	17.3811
256	21	4.5256
256	69	4.43832
256	93	4.61712
256	125	4.81627
256	149	4.77912
256	189	5.44988
256	201	6.21582
256	227	0.000355192
256	245	6.84938
256	254	6.87668
256	255	7.03397
256	257	4.48675
256	258	7.20473
256	261	10.6264
256	266	8.05042
257	52	13.2936
257	57	0.000180769
257	61	6.00401
257	81	6.50271
257	82	3.78226
257	86	5.17212
257	94	5.02762
257	101	5.90797
257	133	3.90932
257	141	8.31679
257	169	5.12366
257	234	6.73651
257	239	7.45268
257	252	6.55172
257	276	13.7132
258	37	4.07624
258	45	10.1857
258	79	4.70978
258	99	4.93692
258	108	5.02205
258	174	1.04921
258	189	5.62996
258	243	4.35812
258	245	7.02946
258	246	5.83357
258	254	7.05676
258	255	7.21405
258	256	6.87215
258	266	8.2305
258	300	12.1637
259	4	5.18799
259	7	4.01398
259	18	4.11044
259	27	5.98355
259	61	0.000174421
259	110	5.20634
259	143	5.77963
259	190	5.55183
259	216	5.51569
259	226	6.46095
259	227	6.94594
259	230	6.54256
259	238	11.9529
259	246	6.68515
259	274	17.5332
260	51	1.92051
260	83	3.65068
260	87	4.34324
260	103	3.48317
260	192	4.99106
260	196	5.10931
260	205	5.40739
260	214	6.24449
260	218	4.88153
260	223	5.87072
260	243	6.29332
260	250	6.79997
260	264	7.10392
260	275	7.48621
260	277	7.36797
261	6	5.21134
261	38	1.70851
261	49	16.9213
261	107	0.784307
261	121	4.65804
261	138	5.89888
261	160	0.00255273
261	170	5.35254
261	172	5.55416
261	202	5.80707
261	210	5.49336
261	225	6.34888
261	228	6.23496
261	242	6.96892
261	249	6.78326
262	78	3.297
262	80	4.00928
262	100	4.61772
262	142	4.23093
262	193	4.73437
262	199	5.00348
262	206	16.1321
262	215	7.44708
262	222	6.06023
262	231	6.37798
262	268	7.04249
262	270	7.02333
262	272	7.52461
262	273	6.95312
262	278	7.61378
263	20	3.24273
263	41	3.76183
263	59	4.02284
263	86	0.00166682
263	186	4.48643
263	212	5.44705
263	215	6.3036
263	225	7.22362
263	284	7.35845
263	288	7.83242
263	289	7.74691
263	291	15.312
263	293	8.20506
263	299	8.64929
263	300	8.313
264	8	4.25065
264	66	4.06051
264	87	4.30689
264	127	5.1833
264	134	4.48597
264	163	4.54429
264	164	4.81615
264	174	5.05236
264	182	4.45933
264	196	5.07295
264	200	18.4442
264	250	6.76362
264	272	10.977
264	275	7.44985
264	277	7.33162
265	24	2.77989
265	48	3.03149
265	92	3.08284
265	156	4.27066
265	183	4.61757
265	203	4.66475
265	206	4.62964
265	221	5.42242
265	247	5.67231
265	269	6.81565
265	280	7.77539
265	285	7.12431
265	287	7.06233
265	291	7.33355
265	292	7.59604
266	1	14.5244
266	31	4.48025
266	56	7.43449
266	58	4.12944
266	79	4.81499
266	108	5.12725
266	112	6.2477
266	139	5.93223
266	149	5.0644
266	163	3.73074
266	240	7.20124
266	245	7.13467
266	255	7.31926
266	256	6.97736
266	284	11.301
267	24	2.81691
267	92	3.11985
267	147	3.893
267	162	4.10077
267	167	4.07288
267	206	4.66666
267	217	4.95339
267	247	5.70933
267	253	6.15187
267	265	6.68873
267	269	6.85267
267	280	7.81241
267	285	7.16132
267	291	7.37057
267	292	7.63306
268	25	3.31944
268	68	3.34531
268	145	3.90902
268	166	4.99849
268	177	4.76212
268	185	5.11602
268	193	4.69752
268	199	4.96663
268	200	4.80073
268	222	6.02338
268	262	6.78481
268	270	6.98649
268	272	7.48777
268	273	6.91628
268	278	7.57693
269	88	3.05793
269	105	3.43663
269	171	4.16053
269	203	4.67994
269	206	4.64483
269	217	4.93156
269	247	5.6875
269	253	6.13004
269	265	6.6669
269	267	6.87171
269	274	6.99608
269	285	7.1395
269	287	7.07752
269	291	7.34874
269	292	7.61123
270	53	3.7936
270	68	3.26975
270	78	3.1846
270	84	4.27496
270	142	4.11852
270	177	4.68656
270	185	5.04046
270	193	4.62196
270	200	4.72517
270	231	6.26557
270	262	6.70925
270	268	6.93008
270	272	7.4122
270	273	6.84071
270	278	7.50137
271	30	3.53062
271	60	3.37751
271	89	3.86866
271	113	3.15542
271	128	4.29142
271	159	4.22644
271	164	9.41592
271	263	7.10096
271	279	7.46021
271	281	7.5851
271	284	7.43535
271	288	7.90932
271	289	7.82381
271	296	16.0716
271	299	8.72619
272	45	3.85574
272	53	4.0187
272	82	2.84553
272	100	4.73041
272	105	5.56837
272	111	0.292002
272	166	5.14803
272	177	4.91166
272	185	5.26556
272	193	4.84706
272	232	6.16618
272	268	7.15518
272	270	7.13602
272	273	7.06581
272	278	7.72647
273	25	3.24353
273	68	3.26941
273	78	3.18425
273	84	4.27461
273	153	4.86788
273	164	12.1426
273	185	5.04011
273	193	4.62161
273	199	4.89073
273	231	6.26523
273	232	5.94073
273	262	6.70891
273	268	6.92973
273	272	7.41186
273	278	7.50102
274	1	2.67029
274	105	3.42328
274	156	4.2725
274	162	4.06559
274	183	4.6194
274	203	4.66659
274	206	4.63148
274	217	4.91821
274	265	6.65355
274	269	6.81749
274	280	7.77723
274	285	7.12615
274	287	7.06417
274	291	7.33539
274	292	7.59788
275	107	4.58141
275	134	4.49376
275	160	0.00301529
275	164	4.82393
275	192	4.96249
275	196	5.08074
275	208	5.28273
275	214	6.21593
275	223	5.84215
275	243	6.26475
275	249	7.23733
275	260	7.11208
275	264	7.07535
275	277	7.33941
275	279	14.0151
276	20	3.08249
276	52	3.09532
276	59	3.86259
276	72	3.08778
276	113	2.91828
276	128	4.05428
276	240	5.90831
276	263	6.86381
276	271	7.34852
276	279	7.22306
276	281	7.34795
276	284	7.1982
276	288	7.67217
276	299	8.48905
276	300	8.15276
277	8	4.19956
277	83	3.56324
277	107	4.52253
277	148	0.00210769
277	164	4.76506
277	182	4.40824
277	192	4.90362
277	205	5.31994
277	223	5.78328
277	243	6.20587
277	250	6.71253
277	256	10.1451
277	260	7.05321
277	264	7.01648
277	275	7.39876
278	24	13.5318
278	25	3.45663
278	53	4.00635
278	80	4.10963
278	84	4.48771
278	110	0.00568913
278	142	4.33128
278	153	5.08098
278	222	6.16058
278	232	6.15383
278	262	6.92201
278	270	7.12368
278	272	7.62496
278	273	7.05347
278	280	8.74242
279	12	3.27558
279	30	3.37968
279	72	3.17399
279	77	3.34006
279	117	3.7925
279	151	3.78275
279	240	5.99452
279	271	7.43473
279	276	7.00312
279	281	7.43416
279	284	7.28441
279	286	13.0081
279	288	7.75838
279	289	7.67287
279	300	8.23896
280	1	2.95976
280	78	15.3859
280	125	1.95691
280	162	4.35506
280	183	4.90887
280	206	4.92095
280	217	5.20768
280	221	5.71372
280	243	4.67958
280	267	7.14783
280	274	7.2722
280	285	7.41561
280	287	7.35364
280	291	7.62485
280	292	7.88735
281	26	2.57775
281	89	3.78936
281	128	4.21213
281	150	3.3384
281	161	1.59202
281	173	0.0025393
281	186	4.48403
281	215	6.3012
281	240	6.06616
281	279	7.38091
281	284	7.35605
281	289	7.74451
281	293	8.20266
281	299	8.6469
281	300	8.3106
282	49	3.41152
282	96	3.07798
282	129	3.39247
282	165	3.97731
282	178	4.14979
282	209	4.29414
282	238	5.43887
282	283	7.23818
282	286	6.89655
282	290	7.6709
282	294	7.81657
282	295	7.51184
282	296	7.55224
282	297	7.70556
282	298	7.86621
283	49	3.48659
283	91	2.95385
283	96	3.15304
283	114	4.22087
283	118	3.94547
283	122	3.39876
283	124	3.27889
283	178	4.22485
283	233	5.60807
283	286	6.97161
283	290	7.74596
283	294	7.89163
283	295	7.5869
283	296	7.62731
283	297	7.78063
284	59	3.91901
284	64	3.99084
284	89	3.68794
284	131	2.02191
284	151	3.75297
284	215	6.19978
284	246	7.53846
284	263	6.92024
284	276	6.97333
284	279	7.27948
284	281	7.40437
284	288	7.72859
284	289	7.64309
284	293	8.10123
284	299	8.54547
285	1	2.66078
285	67	2.96245
285	88	3.03507
285	105	3.41377
285	167	4.02819
285	183	4.60989
285	206	4.62197
285	265	6.64404
285	267	6.84885
285	269	6.80798
285	274	6.97322
285	280	7.76771
285	287	7.05466
285	291	7.32587
285	292	7.58837
286	118	3.84846
286	119	3.51318
286	122	3.30176
286	165	3.95537
286	178	4.12785
286	233	5.51106
286	238	5.41693
286	282	6.84756
286	283	7.21624
286	290	7.64896
286	294	7.79463
286	295	7.48989
286	296	7.5303
286	297	7.68362
286	298	7.84426
287	105	3.34507
287	147	3.77961
287	156	4.19429
287	171	4.06897
287	203	4.58838
287	206	4.55327
287	221	5.34604
287	253	6.03848
287	267	6.78015
287	269	6.73928
287	274	6.90452
287	280	7.69901
287	285	7.04793
287	291	7.25717
287	292	7.51967
288	26	2.52895
288	59	3.97164
288	77	3.3629
288	128	4.16332
288	132	4.70712
288	186	4.43523
288	198	6.97616
288	204	5.24798
288	215	6.2524
288	240	6.01736
288	271	7.45757
288	276	7.02596
288	279	7.33211
288	293	8.15386
288	300	8.2618
289	9	2.5071
289	41	3.70435
289	64	4.03718
289	151	3.79931
289	204	5.2417
289	205	11.4232
289	246	7.15657
289	263	6.96658
289	279	7.32583
289	281	7.45071
289	284	7.30097
289	288	7.77493
289	293	8.14758
289	299	8.59181
289	300	8.25552
290	49	3.54138
290	65	3.01074
290	96	3.20783
290	114	4.27566
290	165	4.10716
290	181	4.56362
290	195	2.51345
290	209	4.42399
290	238	5.56873
290	286	7.0264
290	294	7.94643
290	295	7.64169
290	296	7.6821
290	297	7.83542
290	298	7.99606
291	24	2.73401
291	63	3.40135
291	156	4.22479
291	183	4.57169
291	217	4.87049
291	247	5.62643
291	253	6.06897
291	265	6.60584
291	267	6.81065
291	269	6.76978
291	274	6.93501
291	280	7.72951
291	285	7.07843
291	287	7.01646
291	292	7.55016
292	63	3.47043
292	88	3.06594
292	105	3.44464
292	162	4.08695
292	167	4.05907
292	171	4.16854
292	203	4.68795
292	221	5.44562
292	253	6.13806
292	265	6.67492
292	267	6.87973
292	274	7.0041
292	285	7.14751
292	287	7.08554
292	291	7.35675
293	52	3.25871
293	72	3.25117
293	77	3.41724
293	89	3.79491
293	106	0.00241255
293	132	4.76146
293	159	4.15268
293	191	4.32307
293	212	5.45019
293	263	7.0272
293	271	7.51191
293	276	7.0803
293	281	7.51134
293	284	7.36159
293	289	7.75005
294	15	3.17643
294	54	3.24103
294	96	3.21896
294	146	4.11845
294	209	4.43512
294	233	5.67399
294	282	7.01049
294	283	7.37916
294	286	7.03753
294	287	19.8611
294	290	7.81188
294	295	7.65282
294	296	7.69322
294	297	7.84654
294	298	8.00718
295	91	2.93114
295	122	3.37606
295	124	3.25618
295	129	3.44482
295	135	3.57046
295	165	4.02966
295	181	4.48612
295	282	6.92186
295	283	7.29054
295	286	6.9489
295	290	7.72325
295	294	7.86893
295	296	7.6046
295	297	7.75792
295	298	7.91856
296	15	3.08018
296	95	3.16762
296	122	3.36843
296	124	3.24855
296	146	4.02219
296	178	4.19452
296	209	4.33886
296	233	5.57773
296	282	6.91423
296	283	7.28291
296	286	6.94127
296	290	7.71563
296	294	7.8613
296	295	7.55656
296	298	7.91093
297	54	3.20225
297	65	2.98308
297	91	2.98098
297	96	3.18018
297	124	3.30602
297	165	4.07951
297	209	4.39634
297	233	5.6352
297	238	5.54107
297	282	6.97171
297	283	7.34038
297	286	6.99875
297	290	7.7731
297	295	7.61403
297	296	7.65444
298	95	3.28825
298	96	3.24333
298	114	4.31116
298	122	3.48906
298	135	3.68346
298	196	6.58892
298	209	4.45949
298	282	7.03486
298	283	7.40354
298	286	7.0619
298	290	7.83625
298	294	7.98192
298	295	7.67719
298	296	7.7176
298	297	7.87092
299	23	3.26845
299	40	0.000807246
299	41	3.83581
299	59	4.09682
299	60	3.3746
299	64	4.16865
299	124	13.3864
299	132	4.8323
299	151	3.93077
299	263	7.09804
299	266	4.5274
299	276	7.15114
299	281	7.58218
299	293	8.27904
299	300	8.38698
300	9	2.52842
300	26	2.544
300	30	3.41757
300	100	3.03051
300	117	3.83038
300	157	7.81465
300	204	5.26303
300	263	6.98791
300	276	7.041
300	279	7.34715
300	281	7.47204
300	288	7.79626
300	289	7.71076
300	293	8.1689
300	299	8.61314
