1	6	3.70636
1	11	4.80884
1	16	4.79213
1	25	3.63218
1	28	0.0777769
1	34	12.4989
1	47	4.51667
1	51	4.67482
1	58	5.33392
1	62	5.41283
1	72	5.92703
1	73	6.15566
1	85	6.84847
1	88	7.61515
1	90	6.89533
1	93	7.05208
1	95	7.78459
2	11	4.61136
2	16	4.59464
2	31	4.67083
2	50	4.50114
2	51	4.47733
2	59	5.06165
2	65	5.51651
2	72	5.72955
2	73	5.95818
2	76	0.00959291
2	79	5.83068
2	85	6.65098
2	88	7.41767
2	90	6.69785
2	93	6.85459
2	95	7.58711
2	99	15.1552
3	21	12.2551
3	22	6.48002
3	23	3.72524
3	28	4.50948
3	32	4.90549
3	35	6.7303
3	37	4.25086
3	48	4.95251
3	49	4.03972
3	57	6.60033
3	63	5.91413
3	71	5.46667
3	72	4.17093
3	75	5.88677
3	77	6.61129
3	80	6.34561
3	83	6.79804
4	3	3.44006
4	7	4.92229
4	8	4.53161
4	30	12.9121
4	37	4.46306
4	48	5.16471
4	49	4.25192
4	61	5.70004
4	63	6.12633
4	66	5.45982
4	70	6.39439
4	71	5.67887
4	75	6.09897
4	76	7.32202
4	78	6.70394
4	80	6.55781
4	96	6.83741
5	21	2.66686
5	24	2.86257
5	39	3.32646
5	42	3.11358
5	43	3.90642
5	45	3.5899
5	55	4.08708
5	56	4.19453
5	68	4.67121
5	84	5.75319
5	86	6.12752
5	87	6.63245
5	92	6.60363
5	94	6.97856
5	96	7.28696
5	97	7.47444
5	99	7.67589
5	100	7.7337
6	25	3.5686
6	31	4.80473
6	38	3.36333
6	53	4.8528
6	55	11.2908
6	62	5.34925
6	65	5.65042
6	69	5.00362
6	72	5.86345
6	73	6.09208
6	78	0.259889
6	82	6.39688
6	85	6.78488
6	88	7.55157
6	90	6.83175
6	93	6.9885
6	95	7.72101
7	18	4.17138
7	19	13.0935
7	28	5.15173
7	32	5.54774
7	34	3.8795
7	37	4.89311
7	48	5.59476
7	49	4.68197
7	52	4.34121
7	62	0.636752
7	66	5.88987
7	75	6.52901
7	78	7.13399
7	80	6.98786
7	85	1.56382
7	99	1.67425
8	3	3.61867
8	7	5.1009
8	17	4.86403
8	26	4.94812
8	37	4.64167
8	38	12.1917
8	50	0.217161
8	52	4.08977
8	54	1.18756
8	61	5.87865
8	63	6.30494
8	70	6.573
8	71	5.85748
8	76	7.50063
8	77	7.00211
8	83	7.18885
8	100	7.6286
9	1	3.84521
9	6	3.74904
9	16	4.8348
9	25	3.67486
9	37	0.105448
9	46	3.99086
9	62	5.45551
9	65	5.75667
9	69	5.10988
9	72	5.96971
9	76	0.186506
9	79	6.07084
9	82	6.50314
9	88	7.65783
9	90	6.93801
9	93	7.09475
9	95	7.82727
10	6	3.74665
10	16	4.83241
10	38	3.4672
10	40	3.91859
10	47	4.55696
10	51	4.71511
10	59	5.29942
10	65	5.75429
10	67	5.8199
10	72	5.96732
10	73	6.19595
10	75	0.038198
10	85	6.88875
10	90	6.93562
10	93	7.09236
10	95	7.82488
10	99	15.5705
11	25	3.92333
11	27	3.4542
11	46	4.23934
11	47	4.80782
11	51	4.96597
11	69	5.35835
11	73	6.44681
11	79	6.31932
11	83	0.0655123
11	85	7.13961
11	88	7.9063
11	90	7.18648
11	93	7.34323
11	95	8.07574
11	96	8.49492
11	98	8.43061
11	100	6.42727
12	15	2.44458
12	24	2.71768
12	36	3.00158
12	54	3.50619
12	56	4.04963
12	60	4.09461
12	64	4.37562
12	74	4.45566
12	84	5.6083
12	86	5.98262
12	87	6.48756
12	91	6.53218
12	92	6.45874
12	94	6.83367
12	96	7.14207
12	97	7.32955
12	98	7.07679
12	99	7.53099
12	100	7.58881
13	2	3.20754
13	9	3.54833
13	31	4.55007
13	47	4.19843
13	58	5.01568
13	59	4.94089
13	62	5.09459
13	65	5.39576
13	67	5.46137
13	72	5.60879
13	80	0.0868292
13	85	6.53023
13	88	7.29691
13	92	15.7797
13	93	6.73384
13	95	7.46635
14	5	2.79389
14	33	2.76769
14	36	3.05351
14	54	3.55812
14	55	3.99412
14	60	4.14655
14	64	4.42756
14	81	5.59172
14	84	5.66024
14	87	6.53949
14	89	6.42912
14	91	6.58412
14	92	6.51068
14	94	6.8856
14	96	7.19401
14	97	7.38149
14	98	7.12873
14	99	7.58293
14	100	7.64075
15	20	2.5153
15	36	2.77191
15	44	3.31906
15	45	3.21534
15	68	4.29665
15	74	4.22599
15	81	5.31012
15	86	5.75295
15	87	6.25788
15	89	6.14751
15	91	6.30251
15	94	6.60399
15	96	6.9124
15	97	7.09988
15	98	6.84712
15	99	7.30132
15	100	7.35914
16	1	3.89239
16	13	3.55459
16	24	13.7626
16	32	0.115642
16	51	4.76468
16	53	5.00624
16	66	0.0544882
16	69	5.15706
16	79	6.11803
16	82	6.55032
16	85	6.93833
16	88	7.70501
16	90	6.98519
16	93	7.14194
16	95	7.87445
16	100	9.57606
17	18	3.84605
17	22	6.79694
17	26	4.87423
17	32	5.22241
17	34	3.55417
17	58	0.0104114
17	61	5.80476
17	70	6.49911
17	76	7.42674
17	77	6.92821
17	79	0.0360561
17	80	6.66253
17	83	7.11496
17	90	9.75152
17	94	11.2082
18	23	3.86067
18	26	4.69274
18	32	5.04092
18	34	3.37268
18	63	6.04956
18	65	0.20967
18	66	5.38305
18	70	6.31762
18	71	5.6021
18	75	6.0222
18	77	6.74672
18	78	6.62717
18	79	2.87789
18	80	6.48104
18	83	6.93347
19	14	2.73257
19	30	3.26476
19	39	3.32677
19	42	3.11389
19	45	3.59021
19	54	3.65139
19	64	4.52082
19	81	5.68499
19	84	5.7535
19	89	6.52239
19	91	6.67738
19	94	6.97887
19	96	7.28727
19	97	7.47475
19	98	7.222
19	99	7.67619
19	100	7.73401
20	19	2.80987
20	29	2.90572
20	39	3.14353
20	43	3.72349
20	60	4.05657
20	64	4.33758
20	68	4.48828
20	84	5.57026
20	87	6.44951
20	89	6.33914
20	91	6.49414
20	96	7.10403
20	97	7.29151
20	98	7.03875
20	99	7.49295
20	100	7.55077
21	14	2.50326
21	39	3.09746
21	42	2.88458
21	43	3.67742
21	60	4.0105
21	81	5.45568
21	84	5.52419
21	87	6.40345
21	89	6.29308
21	91	6.44807
21	92	6.37463
21	94	6.74956
21	96	7.05796
21	98	6.99269
21	99	7.44689
21	100	7.5047
22	25	0.146292
22	29	14.5407
22	34	3.36924
22	35	6.86228
22	61	5.61982
22	69	5.56569
22	70	6.31418
22	75	6.01875
22	76	7.2418
22	77	6.74328
22	78	6.62373
22	83	6.93003
22	84	1.14619
22	89	2.54499
22	93	6.30716
22	94	1.61893
23	7	4.83201
23	8	4.44133
23	18	3.65106
23	49	4.16164
23	52	3.82089
23	53	0.446891
23	61	5.60976
23	63	6.03605
23	64	18.62
23	70	6.30412
23	71	5.5886
23	75	6.00869
23	76	7.23174
23	80	6.46753
23	83	6.91997
24	14	2.6658
24	20	2.82341
24	33	2.79419
24	45	3.52345
24	56	4.12807
24	68	4.60476
24	81	5.61822
24	84	5.68674
24	86	6.06106
24	87	6.56599
24	91	6.61062
24	92	6.53718
24	94	6.9121
24	96	7.22051
24	97	7.40799
24	98	7.15523
24	99	7.60943
24	100	7.66725
25	1	3.50768
25	16	4.49727
25	23	0.0167916
25	40	3.58345
25	59	4.96428
25	65	5.41915
25	72	5.63218
25	73	5.86081
25	82	6.16561
25	85	6.55361
25	87	17.3571
25	88	7.3203
25	90	6.60048
25	93	6.75723
25	95	7.48974
26	4	4.23823
26	17	5.03108
26	22	7.03788
26	48	5.51037
26	52	4.25682
26	57	7.1582
26	58	0.0142618
26	61	6.0457
26	63	6.47199
26	66	5.80548
26	71	6.02453
26	75	6.44463
26	80	6.90347
26	82	7.92618
26	87	6.17004
26	96	9.595
27	2	2.98875
27	6	3.16933
27	10	3.36398
27	11	4.27182
27	50	4.1616
27	62	4.8758
27	67	5.24258
27	72	5.39
27	73	5.61864
27	82	5.92343
27	85	6.31144
27	88	7.07812
27	90	6.3583
27	93	6.51505
27	95	7.24757
28	3	3.1483
28	22	6.40047
28	33	13.5337
28	42	14.3097
28	48	4.87296
28	61	5.40828
28	63	5.83457
28	66	5.16806
28	70	6.10264
28	75	5.80721
28	77	6.53174
28	78	6.41219
28	80	6.26605
28	81	2.6933
28	83	6.71849
28	92	2.50736
29	15	2.68918
29	24	2.96228
29	30	3.36415
29	36	3.24618
29	41	3.43001
29	56	4.29423
29	60	4.33921
29	74	4.70026
29	84	5.8529
29	86	6.22722
29	87	6.73215
29	89	6.62179
29	91	6.77678
29	92	6.70334
29	94	7.07826
29	96	7.38667
29	98	7.32139
29	99	7.77559
29	100	7.83341
30	5	3.05324
30	12	2.81971
30	15	2.75586
30	21	2.83324
30	29	3.25504
30	39	3.49285
30	44	3.86
30	60	4.40589
30	87	6.79883
30	89	6.68846
30	92	6.77002
30	94	7.14494
30	96	7.45335
30	97	7.64083
30	98	7.38807
30	99	7.84227
30	100	7.90009
31	16	4.85734
31	17	0.114182
31	35	0.0355603
31	38	3.49213
31	50	4.76385
31	62	5.47805
31	69	5.13242
31	72	5.99225
31	82	6.52568
31	86	5.98311
31	88	7.68037
31	90	6.96055
31	92	15.4535
31	93	7.11729
31	95	7.84981
32	4	3.94098
32	7	4.9707
32	8	4.58002
32	34	3.49786
32	35	6.99091
32	56	16.8946
32	57	6.86095
32	61	5.74845
32	66	5.50823
32	70	6.4428
32	76	7.37043
32	80	6.60622
32	81	5.82852
32	82	3.11961
32	83	7.05865
32	85	1.64898
33	30	3.12313
33	39	3.18514
33	44	3.5523
33	45	3.44858
33	55	3.94576
33	68	4.52989
33	86	5.9862
33	87	6.49113
33	89	6.38076
33	91	6.53576
33	92	6.46232
33	94	6.83724
33	96	7.14565
33	97	7.33313
33	98	7.08037
33	99	7.53457
33	100	7.59239
34	4	3.59512
34	7	4.62484
34	17	4.38798
34	37	4.16561
34	48	4.86726
34	49	3.95447
34	63	5.82888
34	66	5.16237
34	70	6.09694
34	71	5.38142
34	75	5.80152
34	76	7.02457
34	77	6.52605
34	78	6.40649
34	83	6.71279
35	4	4.03324
35	17	4.82609
35	26	4.91018
35	31	0.082577
35	40	0.0398164
35	45	14.5395
35	53	0.137019
35	57	6.95321
35	61	5.84071
35	71	5.81954
35	77	6.96416
35	80	6.69848
35	83	7.15091
35	91	3.38057
35	94	5.08537
35	98	7.7141
36	21	2.69215
36	24	2.88787
36	41	3.35559
36	45	3.61519
36	55	4.11237
36	64	4.54581
36	81	5.70997
36	84	5.77849
36	89	6.54737
36	91	6.70237
36	92	6.62893
36	94	7.00385
36	97	7.49974
36	98	7.24698
36	99	7.70118
36	100	7.759
37	1	0.00390104
37	32	5.15886
37	35	6.98367
37	48	5.20588
37	57	6.8537
37	63	6.1675
37	66	5.50099
37	68	9.11813
37	69	12.7999
37	70	6.43556
37	75	6.14013
37	76	7.36318
37	78	6.74511
37	80	6.59898
37	83	7.05141
37	95	1.77313
38	40	3.46243
38	50	4.28276
38	51	4.25895
38	53	4.50051
38	58	4.91805
38	62	4.99696
38	67	5.36374
38	69	4.65134
38	73	5.7398
38	79	5.6123
38	82	6.0446
38	85	6.4326
38	88	7.19928
38	93	6.63621
38	95	7.36873
39	29	3.24738
39	30	3.42317
39	41	3.48903
39	43	4.06515
39	55	4.2458
39	56	4.35325
39	64	4.67924
39	68	4.82993
39	74	4.75927
39	89	6.6808
39	91	6.8358
39	92	6.76236
39	96	7.44569
39	97	7.63317
39	98	7.38041
39	99	7.83461
39	100	7.89243
40	6	3.47971
40	11	4.5822
40	38	3.20027
40	57	0.0870574
40	67	5.55296
40	72	5.70038
40	73	5.92902
40	79	5.80152
40	82	6.23382
40	85	6.62182
40	88	7.38851
40	89	18.5498
40	90	6.66869
40	93	6.82543
40	95	7.55795
41	12	2.80111
41	14	2.88004
41	30	3.41223
41	43	4.05421
41	74	4.74834
41	81	5.83247
41	84	5.90098
41	86	6.2753
41	87	6.78023
41	89	6.66986
41	91	6.82486
41	92	6.75142
41	94	7.12634
41	96	7.43475
41	97	7.62223
41	98	7.36947
41	99	7.82367
41	100	7.88149
42	19	2.96689
42	36	3.12056
42	41	3.30439
42	43	3.88051
42	54	3.62517
42	81	5.65877
42	84	5.72728
42	87	6.60654
42	89	6.49617
42	91	6.65116
42	92	6.57772
42	94	6.95265
42	96	7.26105
42	97	7.44853
42	98	7.19577
42	99	7.64997
42	100	7.70779
43	14	3.17711
43	15	3.03432
43	19	3.43765
43	20	3.33472
43	45	4.03475
43	56	4.63937
43	64	4.96536
43	68	5.11606
43	84	6.19804
43	86	6.57237
43	87	7.0773
43	91	7.12192
43	94	7.42341
43	97	7.91929
43	98	7.66654
43	99	8.12074
43	100	8.17855
44	20	3.08418
44	21	2.86117
44	36	3.34078
44	43	4.10074
44	55	4.28139
44	56	4.38884
44	60	4.43382
44	64	4.71483
44	86	6.32183
44	87	6.82676
44	89	6.71639
44	92	6.79795
44	94	7.17287
44	97	7.66876
44	99	7.8702
44	100	7.92802
45	12	2.8381
45	24	3.04734
45	30	3.44922
45	56	4.3793
45	64	4.70529
45	68	4.85598
45	74	4.78532
45	81	5.86945
45	87	6.81722
45	89	6.70685
45	92	6.7884
45	94	7.16333
45	96	7.47173
45	97	7.65921
45	98	7.40646
45	100	7.91847
46	9	3.66036
46	31	4.6621
46	38	3.2207
46	40	3.67209
46	51	4.46861
46	59	5.05292
46	62	5.20662
46	65	5.50779
46	67	5.5734
46	72	5.72082
46	73	5.94945
46	79	5.82196
46	90	6.68912
46	93	6.84587
46	95	7.57838
47	9	3.80918
47	15	10.2452
47	27	3.10567
47	38	3.36952
47	44	12.5079
47	50	4.64124
47	62	5.35545
47	65	5.65661
47	67	5.72222
47	69	5.00982
47	82	6.40308
47	85	6.79108
47	88	7.55777
47	90	6.83795
47	93	6.99469
47	95	7.72721
48	7	5.03109
48	26	4.87831
48	35	7.0513
48	49	4.36072
48	52	4.01996
48	57	6.92134
48	70	6.50319
48	75	6.20777
48	77	6.93229
48	80	6.66661
48	83	7.11904
48	88	1.45643
48	93	13.1465
48	95	1.37822
48	96	10.3441
49	8	4.55048
49	22	6.7111
49	34	3.46833
49	52	3.93004
49	61	5.71891
49	63	6.1452
49	71	5.69775
49	75	6.11784
49	76	7.34089
49	77	6.84237
49	78	6.72282
49	80	6.57668
49	83	7.02912
49	90	13.6551
49	97	3.45354
50	38	3.64231
50	51	4.89022
50	52	14.8651
50	58	5.54932
50	59	5.47453
50	65	5.9294
50	72	6.14243
50	73	6.37106
50	79	6.24357
50	80	0.119403
50	82	6.67586
50	85	7.06386
50	88	7.83055
50	90	7.11073
50	93	7.26748
50	95	7.99999
51	1	3.91281
51	22	0.0217493
51	27	3.27334
51	31	4.97859
51	47	4.62695
51	58	5.4442
51	59	5.36941
51	62	5.52311
51	67	5.88989
51	74	22.2513
51	79	6.13845
51	82	6.57074
51	88	7.72543
51	90	7.00561
51	93	7.16236
51	95	7.89487
52	3	3.25952
52	22	6.51169
52	26	4.58898
52	32	4.93716
52	34	3.26892
52	35	6.76196
52	37	4.28252
52	63	5.94579
52	66	5.27929
52	71	5.49834
52	75	5.91843
52	76	7.14148
52	78	6.52341
52	80	6.37728
52	83	6.82971
53	4	0.161683
53	11	5.08361
53	27	3.43783
53	38	3.70168
53	46	4.22296
53	47	4.79144
53	58	5.60869
53	65	5.98877
53	73	6.43044
53	85	7.12324
53	88	7.88992
53	90	7.1701
53	93	7.32685
53	95	8.05936
53	97	14.4586
54	19	3.15689
54	39	3.49054
54	41	3.49439
54	43	4.07051
54	74	4.76463
54	81	5.84876
54	86	6.2916
54	87	6.79653
54	89	6.68616
54	92	6.76772
54	94	7.14264
54	96	7.45105
54	97	7.63853
54	98	7.38577
54	99	7.83997
54	100	7.89779
55	41	3.66836
55	42	3.45164
55	54	3.98914
55	56	4.53258
55	60	4.57756
55	68	5.00927
55	81	6.02274
55	87	6.97051
55	89	6.86014
55	91	7.01513
55	92	6.94169
55	94	7.31662
55	96	7.62502
55	97	7.8125
55	99	8.01394
55	100	8.07176
56	19	3.35763
56	21	3.03168
56	30	3.62928
56	33	3.22547
56	55	4.45191
56	68	5.03604
56	74	4.96538
56	81	6.04951
56	84	6.11802
56	87	6.99728
56	92	6.96846
56	94	7.34339
56	96	7.65179
56	98	7.58652
56	99	8.04072
56	100	8.09853
57	3	3.75111
57	4	4.20363
57	10	0.0114094
57	17	4.99648
57	22	7.00328
57	23	4.2485
57	28	5.03274
57	34	3.76051
57	39	12.4227
57	67	1.72406
57	70	6.70545
57	71	5.98993
57	78	7.015
57	83	7.3213
57	93	12.9824
57	98	10.1157
58	10	4.2277
58	25	3.95887
58	27	3.48974
58	47	4.84335
58	53	5.24307
58	65	6.04068
58	67	6.10629
58	69	5.39389
58	77	0.00587988
58	79	6.35485
58	82	6.78715
58	88	7.94184
58	91	20.7385
58	93	7.37876
58	95	8.11128
59	2	3.90438
59	13	3.84333
59	47	4.89527
59	49	1.30181
59	50	5.07723
59	65	6.0926
59	69	5.4458
59	73	6.53426
59	79	6.40676
59	82	6.83906
59	83	0.406654
59	85	7.22706
59	88	7.99375
59	90	7.27393
59	93	7.43067
59	95	8.16319
60	5	3.2337
60	15	2.93632
60	20	3.23671
60	33	3.20749
60	43	4.25327
60	55	4.43392
60	86	6.47436
60	87	6.97929
60	89	6.86892
60	91	7.02392
60	92	6.95048
60	94	7.3254
60	96	7.63381
60	98	7.56853
60	99	8.02273
60	100	8.08055
61	8	4.90816
61	14	13.2667
61	18	4.11789
61	23	4.314
61	47	0.041561
61	52	4.28772
61	57	7.18909
61	70	6.77094
61	71	6.05542
61	75	6.47552
61	76	7.69857
61	77	7.20005
61	78	7.08049
61	83	7.3868
61	88	8.52717
61	97	3.06353
62	6	4.10849
62	10	4.30314
62	13	3.86686
62	16	5.19426
62	27	3.56519
62	46	4.35032
62	51	5.07695
62	58	5.73605
62	70	0.26437
62	82	6.86259
62	85	7.2506
62	88	8.01728
62	90	7.29746
62	93	7.45421
62	95	8.18672
62	97	17.3408
63	3	3.68428
63	16	0.0191453
63	27	10.4464
63	43	4.60769
63	48	5.40893
63	52	4.15538
63	57	7.05675
63	59	3.89367
63	61	5.94426
63	71	5.92309
63	75	6.34319
63	77	7.06771
63	78	6.94816
63	80	6.80203
63	83	7.25446
63	98	12.4116
64	14	3.16379
64	19	3.42434
64	33	3.29218
64	36	3.578
64	42	3.54512
64	44	4.12515
64	55	4.51861
64	87	7.06398
64	89	6.95361
64	91	7.10861
64	92	7.03517
64	96	7.7185
64	97	7.90598
64	98	7.65322
64	99	8.10742
64	100	8.16524
65	10	4.3757
65	25	4.10687
65	31	5.343
65	46	4.42288
65	47	4.99136
65	51	5.14951
65	53	5.39107
65	57	0.253209
65	60	18.1498
65	67	6.2543
65	73	6.63036
65	79	6.50286
65	85	7.32316
65	90	7.37002
65	93	7.52677
65	95	8.25929
66	7	5.28285
66	18	4.10189
66	23	4.298
66	37	4.82361
66	46	12.5905
66	48	5.52527
66	49	4.61248
66	57	7.17309
66	61	6.06059
66	63	6.48688
66	76	7.68257
66	77	7.18405
66	78	7.0645
66	80	6.91837
66	81	15.0548
66	83	7.3708
67	9	4.32281
67	20	12.9671
67	27	3.6193
67	31	5.32456
67	40	4.33454
67	46	4.40443
67	48	0.619903
67	53	5.37262
67	72	6.38327
67	79	6.48441
67	82	6.91671
67	85	7.30471
67	88	8.07139
67	90	7.35157
67	93	7.50832
67	95	8.24084
68	5	3.33493
68	44	4.1417
68	45	4.03798
68	54	4.09916
68	64	4.96859
68	74	5.04863
68	84	6.20127
68	86	6.5756
68	89	6.97016
68	92	7.05171
68	94	7.42664
68	96	7.73504
68	97	7.92252
68	98	7.66977
68	99	8.12397
68	100	8.18178
69	11	4.84812
69	13	3.50401
69	25	3.67146
69	46	3.98747
69	53	4.95566
69	58	5.3732
69	59	5.29841
69	67	5.81889
69	73	6.19494
69	82	6.49974
69	85	6.88774
69	88	7.65443
69	90	6.93461
69	93	7.09135
69	95	7.82387
70	3	4.05899
70	26	5.38844
70	28	5.34061
70	37	5.08199
70	49	4.87085
70	52	4.53009
70	63	6.74526
70	67	2.14847
70	71	6.2978
70	72	10.1512
70	76	7.94095
70	77	7.44242
70	78	7.32287
70	83	7.62917
70	88	9.335
70	99	8.92824
71	4	4.32271
71	8	4.96174
71	17	5.11556
71	28	5.15182
71	35	7.37264
71	50	0.0724074
71	52	4.3413
71	57	7.24267
71	61	6.13018
71	66	5.88996
71	76	7.75215
71	77	7.25363
71	78	7.13408
71	80	6.98795
71	83	7.44038
71	95	17.2729
72	2	3.92923
72	26	1.49999
72	31	5.27176
72	40	4.28175
72	47	4.92012
72	50	5.10208
72	67	6.18306
72	69	5.47065
72	73	6.55911
72	75	0.919425
72	79	6.43161
72	85	7.25191
72	88	8.0186
72	90	7.29878
72	93	7.45552
73	1	4.29472
73	9	4.35876
73	13	3.95692
73	40	4.37049
73	46	4.44037
73	53	5.40857
73	59	5.75132
73	65	6.20619
73	69	5.55939
73	71	0.548692
73	79	6.52035
73	82	6.95265
73	84	18.2874
73	90	7.38752
73	95	8.27678
74	19	3.47361
74	29	3.56946
74	41	3.81111
74	45	4.07071
74	64	5.00133
74	68	5.15202
74	81	6.16549
74	84	6.234
74	86	6.60833
74	89	7.00289
74	91	7.15788
74	92	7.08444
74	94	7.45937
74	96	7.76777
74	97	7.95525
74	98	7.7025
74	99	8.1567
74	100	8.21451
75	3	3.89906
75	9	10.4097
75	18	4.20033
75	23	4.39644
75	26	5.22851
75	34	3.90845
75	49	4.71092
75	57	7.27153
75	63	6.58533
75	66	5.91882
75	71	6.13787
75	76	7.78101
75	78	7.16294
75	80	7.01681
75	86	12.5854
76	6	0.0692629
76	8	4.73931
76	17	4.89313
76	32	5.32539
76	43	7.86181
76	49	4.45962
76	52	4.11886
76	59	7.1478
76	66	5.66752
76	70	6.60209
76	75	6.30667
76	78	6.91164
76	83	7.21795
76	84	6.5128
76	91	10.679
76	95	6.111
77	4	4.06104
77	8	4.70007
77	22	6.86069
77	28	4.89015
77	35	7.11096
77	41	1.07008
77	48	5.33318
77	66	5.62829
77	68	9.20043
77	70	6.56286
77	71	5.84734
77	76	7.49048
77	80	6.72628
77	87	8.96094
77	89	11.4261
77	90	8.23617
78	2	0.017269
78	11	0.00579325
78	17	5.4003
78	18	4.45621
78	28	5.43656
78	32	5.83257
78	48	5.87959
78	51	0.000706357
78	61	6.41491
78	63	6.8412
78	73	1.15518
78	75	6.81384
78	76	8.03689
78	77	7.53837
78	83	7.72512
78	85	16.6787
79	13	3.78344
79	25	3.95088
79	40	4.197
79	41	13.246
79	46	4.26689
79	50	5.01733
79	55	5.9275
79	59	5.57783
79	62	5.73153
79	67	6.09831
79	82	6.77917
79	88	7.93385
79	90	7.21403
79	93	7.37078
79	95	8.1033
80	23	4.24769
80	28	5.03193
80	32	5.42794
80	36	12.1966
80	37	4.77331
80	57	7.12278
80	65	0.0516267
80	66	5.77007
80	70	6.70464
80	75	6.40921
80	76	7.63226
80	77	7.13374
80	78	7.01419
80	83	7.32049
80	88	9.37844
80	100	16.1985
81	19	3.63184
81	29	3.72769
81	42	3.75262
81	45	4.22894
81	55	4.72611
81	56	4.83356
81	84	6.39223
81	86	6.76655
81	89	7.16111
81	91	7.31611
81	92	7.24267
81	96	7.926
81	97	8.11348
81	98	7.86072
81	99	8.31492
81	100	8.37274
82	2	4.01857
82	9	4.35936
82	10	4.39381
82	18	9.49367
82	50	5.19142
82	51	5.16761
82	58	5.82671
82	62	5.90563
82	67	6.2724
82	69	5.56
82	70	0.614179
82	72	6.41982
82	79	6.52096
82	85	7.34126
82	90	7.38813
82	95	8.27739
83	7	5.33271
83	18	4.15176
83	23	4.34787
83	35	7.35292
83	49	4.66235
83	52	4.32159
83	54	13.2182
83	57	7.22296
83	61	6.11046
83	66	5.87024
83	71	6.0893
83	73	0.0486701
83	77	7.23392
83	80	6.96823
83	86	9.14126
83	94	16.7147
84	24	3.46246
84	30	3.86433
84	56	4.79441
84	60	4.83939
84	64	5.1204
84	81	6.28456
84	86	6.7274
84	87	7.23233
84	89	7.12196
84	91	7.27696
84	92	7.20352
84	94	7.57844
84	96	7.88685
84	98	7.82157
84	99	8.27577
84	100	8.33359
85	2	3.93186
85	13	3.87081
85	27	3.56913
85	53	5.32246
85	58	5.74
85	59	5.66521
85	63	0.385798
85	69	5.47328
85	71	4.68031
85	72	6.33311
85	79	6.43424
85	88	8.02123
85	90	7.30141
85	93	7.45815
85	95	8.19067
86	12	3.31469
86	14	3.39363
86	20	3.55123
86	24	3.52394
86	54	4.31245
86	68	5.33258
86	81	6.34605
86	84	6.41456
86	87	7.29382
86	91	7.33844
86	92	7.265
86	94	7.63992
86	96	7.94833
86	97	8.13581
86	98	7.88305
86	99	8.33725
87	12	3.39532
87	15	3.33147
87	33	3.60264
87	55	4.82907
87	60	4.9815
87	68	5.41321
87	74	5.34255
87	81	6.42668
87	86	6.86951
87	89	7.26408
87	91	7.41907
87	92	7.34563
87	96	8.02896
87	97	8.21644
87	98	7.96368
87	99	8.41788
87	100	8.4757
88	2	4.05489
88	11	5.33795
88	16	5.32123
88	31	5.39742
88	46	4.47729
88	47	5.04577
88	51	5.20392
88	61	0.749513
88	62	5.94194
88	65	6.2431
88	69	5.59631
88	77	0.706361
88	82	6.98957
88	90	7.42444
88	93	7.58118
88	95	8.3137
89	33	3.44886
89	36	3.73468
89	44	4.28183
89	56	4.78274
89	60	4.82772
89	74	5.18877
89	86	6.71573
89	87	7.22066
89	91	7.26529
89	92	7.19185
89	94	7.56677
89	96	7.87518
89	97	8.06266
89	98	7.8099
89	99	8.2641
89	100	8.32192
90	1	3.96188
90	10	4.06036
90	13	3.62408
90	50	4.85797
90	53	5.07573
90	58	5.49327
90	59	5.41848
90	62	5.57218
90	67	5.93895
90	73	6.31501
90	79	6.18751
90	82	6.61981
90	88	7.7745
90	93	7.21142
90	95	7.94394
91	12	3.44477
91	29	3.88009
91	45	4.38134
91	54	4.44252
91	60	5.03095
91	64	5.31196
91	74	5.39199
91	84	6.54464
91	86	6.91896
91	87	7.42389
91	89	7.31352
91	92	7.39507
91	94	7.77
91	96	8.0784
91	97	8.26588
91	98	8.01313
91	99	8.46733
91	100	8.52514
92	39	3.90482
92	41	3.90866
92	42	3.69194
92	44	4.27197
92	68	5.24957
92	74	5.17891
92	86	6.70587
92	87	7.2108
92	89	7.10043
92	91	7.25543
92	94	7.55691
92	96	7.86532
92	97	8.0528
92	98	7.80004
92	99	8.25424
92	100	8.31206
93	1	3.96552
93	6	3.86934
93	40	4.04129
93	46	4.11117
93	50	4.86161
93	58	5.49691
93	59	5.42212
93	65	5.87698
93	69	5.23019
93	72	6.09001
93	82	6.62345
93	85	7.01145
93	88	7.77814
93	90	7.05832
93	95	7.94758
94	5	3.54113
94	33	3.51492
94	42	3.76786
94	54	4.30536
94	56	4.84881
94	81	6.33896
94	84	6.40748
94	86	6.7818
94	89	7.17636
94	91	7.33136
94	92	7.25792
94	96	7.94124
94	97	8.12872
94	98	7.87597
94	99	8.33017
94	100	8.38798
95	9	4.28835
95	10	4.3228
95	38	3.8487
95	53	5.33817
95	58	5.75571
95	62	5.83462
95	66	1.56291
95	67	6.20139
95	69	5.48899
95	72	6.34881
95	78	6.1812
95	79	6.44995
95	85	7.27025
95	88	8.03694
95	90	7.31712
95	93	7.47386
96	12	3.365
96	21	3.37853
96	36	3.85814
96	54	4.36275
96	56	4.9062
96	60	4.95118
96	64	5.23219
96	74	5.31222
96	81	6.39635
96	86	6.83919
96	87	7.34412
96	89	7.23375
96	91	7.38875
96	97	8.18612
96	98	7.93336
96	99	8.38756
97	5	3.7318
97	12	3.49828
97	15	3.43443
97	33	3.7056
97	42	3.95854
97	44	4.53857
97	55	4.93203
97	64	5.36547
97	74	5.4455
97	81	6.52963
97	84	6.59815
97	86	6.97247
97	87	7.4774
97	89	7.36703
97	98	8.06664
97	99	8.52084
97	100	8.57866
98	20	3.47869
98	24	3.4514
98	42	3.70241
98	44	4.28244
98	74	5.18937
98	84	6.34202
98	86	6.71634
98	87	7.22127
98	89	7.1109
98	91	7.2659
98	92	7.19246
98	94	7.56738
98	96	7.87579
98	97	8.06327
98	99	8.26471
98	100	8.32253
99	5	3.67567
99	21	3.45567
99	29	3.87747
99	41	4.11912
99	44	4.48244
99	55	4.8759
99	60	5.02832
99	64	5.30933
99	68	5.46003
99	74	5.38937
99	81	6.4735
99	86	6.91634
99	91	7.46589
99	94	7.76738
99	97	8.26326
99	98	8.01051
99	100	8.52252
100	5	3.59666
100	20	3.59968
100	21	3.37667
100	29	3.79847
100	39	4.03627
100	44	4.40343
100	54	4.36089
100	60	4.94932
100	68	5.38102
100	74	5.31036
100	84	6.46301
100	91	7.38689
100	92	7.31345
100	94	7.68837
100	97	8.18426
100	98	7.9315
