1	29	5.30321
1	76	0.000403876
1	114	4.46716
1	121	4.98506
1	144	4.4231
1	151	4.54468
1	176	6.40404
1	181	12.4647
1	199	5.64863
1	231	5.076
1	259	0.000177062
1	263	6.94108
1	339	7.72045
1	395	8.20419
2	17	7.13397
2	194	4.44333
2	209	4.45787
2	271	5.12863
2	276	5.28327
2	277	5.64582
2	290	5.65724
2	294	5.84682
2	304	6.06644
2	307	5.67309
2	309	1.06095
2	338	1.72811
2	348	6.38391
2	357	6.95755
2	378	12.1606
3	31	3.431
3	74	4.34124
3	105	6.70338e-06
3	119	3.87181
3	172	5.00137
3	221	4.55317
3	249	4.77248
3	303	2.13858
3	356	6.43399
3	359	6.55514
3	361	6.47161
3	365	6.87584
3	366	7.06915
3	381	8.66728
3	386	11.2707
4	55	1.46444
4	181	2.10236
4	246	2.87753
4	293	2.93496
4	368	5.55852
4	376	5.51048
4	379	5.28214
4	383	5.54702
4	385	5.8638
4	386	5.87753
4	392	5.87884
4	393	6.36247
4	394	6.22717
4	396	6.82712
4	397	6.10301
4	398	6.51289
4	399	6.76957
4	400	6.28213
5	26	4.65104e-05
5	73	7.92835
5	83	4.12309
5	118	2.74589e-05
5	137	5.01036
5	188	1.10458
5	191	5.81463
5	218	2.30464
5	234	2.58539
5	251	5.43786
5	275	6.53509
5	296	5.89831
5	310	5.79893
5	357	8.01237
6	13	4.17613
6	23	3.82039
6	60	4.08731
6	70	6.18436
6	72	4.08289
6	95	8.63251
6	115	8.05995
6	157	3.07462
6	163	4.34206
6	261	5.61547
6	280	4.90692
6	306	6.11306
6	307	4.60151
6	322	5.90536
6	350	6.30282
7	62	5.63254
7	71	4.00546
7	76	4.59918
7	212	4.71698
7	216	4.43622e-05
7	223	5.09462
7	287	5.03265
7	292	6.23361
7	308	7.03467
7	319	1.82053
7	321	6.43929
7	329	5.7387
7	331	5.78868
7	398	11.8031
8	123	3.82543
8	198	3.98339
8	211	3.62602
8	224	4.43669
8	229	4.12894
8	233	4.47006
8	238	4.04385
8	328	5.46703
8	334	5.48048
8	337	1.37994
8	360	6.03081
8	367	6.15819
8	374	6.70583
8	375	6.52734
8	377	13.4671
9	40	3.0767
9	103	0.000171107
9	148	11.1851
9	197	10.5926
9	219	4.10459
9	231	0.00591571
9	234	4.86585
9	237	6.19295
9	243	4.99805
9	288	0.000234399
9	305	0.0190968
9	323	4.44501
9	324	1.53232e-05
9	386	0.0228562
10	16	12.4577
10	22	5.25207
10	24	3.30253
10	90	0.00329241
10	146	4.48494
10	182	5.15882
10	201	5.35546
10	214	6.66146
10	255	5.20157
10	309	5.65461
10	322	1.6066
10	343	6.28553
10	351	6.26539
10	364	6.87784
11	34	3.19572
11	185	5.34246
11	216	5.15143
11	253	5.51985
11	265	4.837
11	275	0.0123131
11	278	5.13876
11	291	5.29845
11	308	5.61078
11	321	0.00667311
11	330	5.80345
11	340	7.01083
11	344	6.23826
11	355	6.64419
11	364	11.3914
12	14	3.56524
12	46	4.86167
12	99	3.64492
12	130	5.1468
12	289	5.72046
12	303	1.25079
12	310	0.000112561
12	311	6.24109
12	313	5.82271
12	335	6.56653
12	337	7.05138
12	339	1.56234e-05
12	347	6.45598
12	397	10.2689
13	72	4.3308
13	111	0.000166158
13	142	5.55091
13	155	8.32459
13	163	4.58996
13	174	5.69365
13	215	5.61481
13	256	5.93834
13	261	5.86337
13	271	2.38808
13	276	2.18819
13	302	6.11861
13	306	6.36096
13	322	6.15327
13	350	6.55072
14	28	3.90849
14	46	4.24051
14	132	4.17616
14	143	4.09357
14	241	5.34705
14	242	4.95073
14	300	4.71616
14	311	5.61994
14	313	5.20155
14	335	5.94537
14	337	6.43022
14	341	5.3233
14	347	5.83482
14	399	15.3241
15	2	4.01832
15	209	3.74456
15	269	4.46793
15	271	4.41532
15	276	4.56995
15	277	4.93251
15	290	4.94392
15	294	5.13351
15	298	5.01817
15	303	5.40615
15	311	6.83166
15	348	5.67059
15	357	6.24423
15	363	12.9275
16	181	1.82366
16	267	2.53301
16	362	4.55244
16	363	4.71394
16	368	5.27982
16	376	5.23178
16	379	5.00344
16	383	5.26832
16	385	5.5851
16	386	5.59883
16	392	5.60014
16	393	6.08377
16	394	5.94846
16	395	5.98829
16	396	6.54842
16	397	5.8243
16	398	6.23419
16	399	6.49087
16	400	6.00343
17	25	3.36234
17	56	3.7241
17	124	4.28077
17	145	0.0146613
17	217	4.99779
17	248	4.10048
17	283	5.26342
17	305	5.03574
17	310	6.77131
17	338	5.78397
17	341	5.94145
17	370	6.363
17	373	6.67673
17	381	6.9177
18	52	3.36885
18	140	3.75519
18	167	3.85628
18	210	5.10262
18	214	4.18333
18	266	4.79492
18	312	5.29049
18	319	5.41988
18	324	5.4201
18	327	5.38068
18	332	5.50834
18	343	7.98862
18	353	6.09095
18	394	12.0147
19	17	3.46404
19	38	0.529677
19	92	4.45251
19	159	3.97855
19	182	0.000306912
19	210	0.000771519
19	225	4.61433
19	248	4.71962
19	252	3.81618
19	283	5.88257
19	338	6.40311
19	341	6.56059
19	370	6.98215
19	373	7.29588
19	381	7.53685
20	148	2.19378
20	197	3.06414
20	227	2.72039
20	262	3.45273
20	318	4.08712
20	336	4.29381
20	369	5.97244
20	371	5.69262
20	372	5.6376
20	377	5.87942
20	378	5.61889
20	380	6.02018
20	382	5.82349
20	384	5.75449
20	387	5.87026
20	388	6.3115
20	389	6.09164
20	390	6.36307
20	391	6.35577
21	115	4.06257
21	119	4.11485
21	122	2.95462
21	165	4.26983
21	201	2.63345e-06
21	221	4.79621
21	232	5.25009
21	249	5.01553
21	285	5.58396
21	296	0.451808
21	359	6.79818
21	361	6.71466
21	365	7.11888
21	366	7.31219
21	382	12.9337
22	14	7.71465e-05
22	24	3.75553
22	140	1.89924
22	146	4.93794
22	152	5.19662
22	156	5.21904
22	182	5.61182
22	282	3.74581
22	284	5.50441
22	309	6.10761
22	345	3.96329
22	351	6.71839
22	364	7.33083
22	383	11.0579
23	13	4.31188
23	67	3.89968
23	85	0.000642805
23	95	8.76826
23	100	12.3513
23	103	3.54559
23	143	1.74849
23	163	4.4778
23	175	5.86942e-05
23	245	4.98313
23	256	5.82618
23	261	5.75121
23	302	6.00645
23	306	6.2488
23	350	6.43856
24	10	4.25641
24	122	4.2726
24	129	3.34916
24	150	3.74065
24	152	4.25501
24	182	4.67022
24	189	4.70127
24	255	4.71297
24	270	2.73581
24	274	4.80253
24	320	5.35981
24	343	5.79693
24	351	5.77679
24	364	6.38923
25	40	4.25883e-05
25	77	4.22345
25	90	4.25696
25	184	3.82119
25	220	14.6917
25	225	4.28606
25	240	5.36595
25	281	2.92493e-05
25	283	5.5543
25	312	4.15907
25	338	6.07485
25	341	6.23233
25	370	6.65388
25	373	6.96761
25	381	7.20858
26	2	4.28617
26	47	3.1009
26	140	9.21772
26	209	4.01241
26	218	4.52455
26	269	4.73578
26	277	5.20036
26	290	5.21177
26	294	5.40136
26	298	5.28602
26	307	5.22762
26	348	5.93844
26	357	6.51208
26	381	11.4348
27	9	8.96318
27	21	4.36855
27	70	3.40788
27	79	4.20369
27	93	4.27553
27	166	4.42657
27	168	5.09942
27	207	6.17727
27	213	2.11166
27	219	5.56389
27	230	4.56175
27	243	6.45734
27	247	4.61241
27	275	0.954127
28	10	6.0002e-05
28	101	3.76634
28	130	5.06478
28	157	4.51253
28	226	5.1455e-05
28	241	5.88618
28	299	8.28932
28	311	6.15907
28	313	5.74069
28	331	1.33117
28	335	6.48451
28	337	6.96936
28	347	6.37395
28	368	11.0291
29	9	0.000174547
29	114	4.06093
29	134	7.69718
29	145	4.63697
29	148	20.0234
29	149	4.75941
29	151	4.13845
29	231	4.66977
29	263	6.53485
29	288	1.78177e-05
29	339	7.31422
29	346	0.0079007
29	348	0.0103083
29	372	1.10242
30	79	4.53474
30	110	1.95427e-05
30	204	5.8678
30	219	5.89494
30	237	7.9833
30	243	6.7884
30	247	4.94346
30	264	0.423706
30	272	8.03957
30	285	4.44588
30	323	6.23536
30	337	7.10617e-05
30	349	1.65713e-05
30	354	7.78119
31	21	4.06981
31	74	3.86293
31	111	4.16633
31	131	4.10428
31	172	4.52306
31	232	4.52874
31	285	4.86261
31	356	5.95568
31	359	6.07683
31	361	5.9933
31	365	6.39753
31	366	6.59084
31	397	9.04169
31	398	11.6136
32	125	3.79506
32	154	3.58479
32	162	3.77619
32	182	3.6534
32	217	8.65647
32	250	4.47651
32	254	4.65507
32	282	4.79304
32	295	5.12066
32	299	4.77002
32	317	5.01763
32	326	5.88075
32	340	5.49801
32	349	6.11976
33	38	6.59108e-05
33	76	5.24086
33	97	5.72323
33	135	5.28464
33	267	8.45284
33	279	5.94645
33	292	6.8753
33	321	7.08098
33	329	6.38038
33	343	0.577811
33	345	2.32807
33	356	5.6821e-06
33	368	5.05906
33	395	4.25182
34	42	3.97234
34	185	4.84356
34	190	4.41955
34	193	9.81879
34	265	4.33809
34	278	4.63985
34	291	4.79954
34	301	5.03623
34	308	5.11187
34	316	5.022
34	330	5.30454
34	344	5.73936
34	355	6.14529
34	374	10.8219
35	10	4.54445
35	24	3.10196
35	28	7.42866e-07
35	139	3.85814
35	150	4.02869
35	152	4.54306
35	155	4.41863
35	156	4.56548
35	269	11.9092
35	274	5.09058
35	309	5.45404
35	343	6.08497
35	351	6.06483
35	364	6.67727
36	16	15.5907
36	17	3.1961
36	25	3.71355
36	34	4.99024e-06
36	80	7.89889e-05
36	88	4.6243
36	90	4.31729
36	124	4.63197
36	283	5.61463
36	285	6.52351
36	305	5.38694
36	341	6.29265
36	370	6.71421
36	373	7.02794
36	381	7.26891
37	48	4.24786
37	89	3.44747
37	102	7.68707e-06
37	105	8.98979
37	133	0.760613
37	137	4.31586
37	158	9.32695
37	191	5.12013
37	251	4.74336
37	254	11.6234
37	268	5.33162
37	275	5.84059
37	296	5.20381
37	310	5.10443
37	332	7.59148
38	1	5.20583
38	10	1.3654e-05
38	43	4.45231
38	45	4.50392
38	98	2.50257
38	113	8.20753
38	114	5.51534
38	149	6.21382
38	199	6.69681
38	207	0.000145754
38	312	4.76548
38	333	5.51977e-05
38	339	8.76863
38	390	12.8455
39	1	3.45884
39	38	4.80829
39	113	6.46053
39	121	4.28624
39	127	7.34708
39	134	7.40459
39	144	3.72429
39	149	4.46682
39	151	3.84586
39	166	5.65874
39	176	5.70522
39	231	4.37718
39	300	8.88932
39	339	7.02163
40	4	8.79727
40	27	3.78562
40	30	5.73959
40	166	4.70207
40	168	5.37492
40	204	5.81224
40	230	4.83724
40	234	6.60064
40	243	6.73284
40	247	4.8879
40	282	0.893611
40	323	6.1798
40	383	8.20568
40	387	2.76211
41	116	3.81981
41	141	4.81932
41	162	1.82943e-05
41	195	5.27683
41	202	5.16302
41	239	5.4609
41	250	3.0561
41	252	5.04977
41	257	5.91973
41	264	5.21638
41	265	5.6249
41	288	5.33232
41	315	5.9963
41	342	5.96713
41	380	10.5069
42	34	3.64209
42	61	5.17845
42	77	1.68143e-05
42	94	4.16306
42	170	4.58035
42	216	5.5978
42	240	4.10293e-05
42	253	5.96622
42	278	5.58513
42	308	6.05715
42	330	6.24982
42	334	11.9538
42	344	6.68464
42	355	7.09056
42	366	4.39403
43	38	5.13467
43	65	7.99102
43	80	4.31823
43	113	6.78692
43	127	7.67346
43	149	4.7932
43	151	4.17225
43	199	5.2762
43	231	4.70356
43	234	0.00111173
43	263	6.56865
43	339	7.34801
43	348	5.97234
43	371	6.7203
44	4	1.43926
44	126	1.93738
44	203	2.41929
44	220	2.27608
44	258	3.3317
44	293	3.1785
44	358	5.08658
44	362	5.07468
44	368	5.80206
44	376	5.75402
44	379	5.52568
44	383	5.79056
44	385	6.10734
44	393	6.60601
44	394	6.4707
44	395	6.51053
44	396	7.07066
44	397	6.34654
44	398	6.75643
44	399	7.01311
44	400	6.52567
45	43	3.22022
45	113	6.97543
45	114	4.28324
45	131	1.27705e-05
45	134	7.91949
45	144	4.23919
45	145	4.85928
45	149	4.98172
45	231	4.89208
45	251	1.33717
45	263	6.75717
45	280	5.93068
45	339	7.53653
45	354	13.3889
46	81	4.89359
46	101	3.86326
46	132	4.81223
46	143	4.72963
46	144	2.78129e-06
46	208	5.15621
46	209	1.63739
46	237	0.000183074
46	293	17.8691
46	311	6.256
46	313	5.83761
46	337	7.06629
46	347	6.47088
46	374	1.14731
47	171	4.32628
47	194	3.79612
47	209	3.81066
47	269	4.53404
47	271	4.48142
47	276	4.63606
47	277	4.99861
47	294	5.19961
47	298	5.08427
47	303	5.47225
47	335	2.75133e-05
47	348	5.7367
47	357	6.31033
47	385	14.2414
48	5	5.19757
48	105	9.712
48	137	5.03808
48	191	5.84235
48	208	0.000367602
48	225	0.99229
48	251	5.46558
48	268	6.05384
48	275	6.56281
48	296	5.92603
48	310	5.82665
48	333	0.00151079
48	335	0.000462087
48	370	12.6733
49	22	0.00142265
49	34	2.98185
49	94	3.50281
49	124	0.00115531
49	133	4.44294
49	170	3.92011
49	185	5.12859
49	253	5.30598
49	265	4.62313
49	291	5.08458
49	316	5.30703
49	330	5.58958
49	344	6.02439
49	355	6.43032
50	115	3.39448
50	119	3.44676
50	131	4.15754
50	203	17.1907
50	226	5.1497
50	232	4.58199
50	249	4.34743
50	270	4.47425
50	300	3.46097
50	356	6.00893
50	359	6.13009
50	361	6.04656
50	365	6.45079
50	366	6.6441
51	40	4.36631
51	75	4.08565
51	86	5.84044
51	93	4.10585
51	166	4.25689
51	170	4.62359
51	174	0.00017406
51	207	6.00759
51	219	5.39421
51	234	6.15547
51	237	7.48257
51	243	6.28766
51	248	5.47202
51	323	5.73462
51	396	11.9833
52	18	3.23289
52	167	3.99996
52	169	4.04715
52	210	5.2463
52	266	4.9386
52	280	5.0756
52	312	5.43417
52	314	5.41793
52	319	5.56356
52	327	5.52436
52	332	5.65202
52	333	0.000139205
52	353	6.23463
52	399	16.0286
53	85	4.74407
53	91	3.93209
53	116	4.63631
53	158	0.00221187
53	178	4.90474
53	188	5.01046
53	250	4.94431
53	282	5.26085
53	289	11.9918
53	295	5.58846
53	317	5.48543
53	326	6.34856
53	340	5.96581
53	349	6.58756
53	373	4.86819
54	7	3.85365
54	71	3.85969
54	87	3.28938
54	129	4.62753
54	135	4.49718
54	223	4.94884
54	279	5.15899
54	287	4.88688
54	292	6.08784
54	321	6.29352
54	329	5.59292
54	331	5.6429
54	332	6.09987
54	369	14.5623
55	181	2.05709
55	206	1.75256
55	220	1.98727
55	246	2.83226
55	358	4.79777
55	362	4.78587
55	368	5.51325
55	376	5.46521
55	383	5.50175
55	385	5.81853
55	386	5.83226
55	392	5.83357
55	393	6.3172
55	394	6.18189
55	395	6.22172
55	396	6.78185
55	397	6.05773
55	398	6.46762
55	399	6.7243
55	400	6.23686
56	92	4.3857
56	112	2.16869
56	124	4.83311
56	136	3.89884
56	225	4.54752
56	231	7.46905
56	240	5.62742
56	255	0.0120162
56	266	7.44526
56	283	5.81576
56	305	5.58808
56	341	6.49379
56	370	6.91534
56	373	7.22907
56	381	7.47004
57	12	3.40313
57	18	3.14545
57	52	3.42508
57	140	3.81142
57	169	3.9597
57	202	13.3716
57	259	4.58865
57	266	4.85116
57	314	5.33048
57	319	5.47611
57	324	5.47634
57	327	5.43691
57	332	5.56457
57	353	6.14718
58	2	4.2731
58	47	3.08783
58	171	4.51495
58	194	3.9848
58	276	4.82473
58	277	5.18728
58	294	5.38828
58	298	5.27294
58	303	5.66093
58	307	5.21455
58	339	0.000233922
58	348	5.92537
58	355	14.3817
58	357	6.49901
59	63	3.42312
59	82	4.33319
59	102	4.93803
59	136	0.361575
59	175	6.34198
59	192	5.1405
59	244	5.29672
59	259	0.000122889
59	281	6.02218
59	286	5.44516
59	289	5.19414
59	325	7.4592
59	333	5.95298
59	369	9.39092
59	372	12.3833
60	51	2.92187e-05
60	70	6.17973
60	72	4.07826
60	142	5.29837
60	174	5.44111
60	215	5.36228
60	256	5.6858
60	261	5.61083
60	306	6.10842
60	322	5.90073
60	330	6.39628
60	350	6.29818
60	353	3.00518
60	364	5.51795
61	49	4.12439
61	52	0.000232401
61	185	5.62469
61	291	5.58068
61	301	5.81737
61	308	5.89301
61	316	5.80313
61	330	6.08568
61	335	0.000259587
61	344	6.52049
61	349	0.000116911
61	355	6.92642
61	362	10.2326
61	376	10.4379
62	87	4.22251
62	97	5.8689
62	207	3.26406e-06
62	212	5.50433
62	235	0.0025288
62	261	0.00177664
62	279	6.09211
62	287	5.82001
62	292	7.02097
62	329	6.52605
62	331	6.57603
62	342	1.78481
62	389	9.95608
62	399	8.91248
63	59	3.92106
63	68	5.14387
63	102	4.40897
63	110	4.54768
63	175	5.81292
63	180	18.2145
63	183	5.13453
63	192	4.61144
63	244	4.76766
63	255	0.482451
63	281	5.49312
63	289	4.66508
63	325	6.93014
63	333	5.42392
64	98	3.60714
64	100	3.60402
64	104	3.43905
64	177	11.0567
64	193	4.10278
64	198	4.23758
64	229	4.38314
64	238	4.29805
64	334	5.73467
64	345	5.71983
64	355	9.6466
64	367	6.41239
64	374	6.96003
64	375	6.78153
65	20	1.71355
65	164	2.62403
65	227	2.62669
65	318	3.99341
65	336	4.20011
65	352	4.66346
65	354	5.1688
65	372	5.5439
65	377	5.78571
65	378	5.52519
65	380	5.92648
65	382	5.72978
65	384	5.66079
65	387	5.77656
65	388	6.2178
65	389	5.99794
65	390	6.26937
65	391	6.26207
66	41	3.83463
66	106	4.38409
66	116	3.38432
66	120	6.20051
66	195	4.84133
66	202	4.72753
66	235	5.28416
66	239	5.0254
66	252	4.61428
66	271	8.9162
66	286	3.08481
66	297	5.83113
66	315	5.5608
66	342	5.53164
67	70	5.94381
67	72	3.84234
67	79	0.000143133
67	142	5.06246
67	215	5.12636
67	245	4.60684
67	256	5.44989
67	302	5.63015
67	306	5.87251
67	322	5.66482
67	350	6.06227
67	363	7.79741
67	392	5.09889
67	397	7.74864
68	59	5.00868
68	77	0.000334352
68	117	5.42302
68	159	0.572884
68	244	5.85529
68	260	5.24181
68	281	6.58075
68	289	5.75271
68	325	8.01777
68	328	2.09137
68	333	6.51154
68	337	5.08659e-05
68	378	10.0447
68	384	7.95191
69	37	4.00832
69	60	0.000148306
69	73	8.01237
69	84	3.60237
69	191	5.89865
69	268	6.11014
69	275	6.61911
69	296	5.98233
69	310	5.88295
69	331	2.65677e-06
69	363	5.73387
69	365	2.34337
69	387	7.18021
69	390	6.82478
70	26	1.99075e-05
70	67	4.7804
70	86	1.14109e-05
70	135	1.63672e-05
70	145	4.36456e-05
70	163	5.35853
70	174	6.46222
70	186	4.9034
70	261	6.63194
70	283	5.02345e-05
70	306	7.12953
70	329	4.11405
70	350	7.31929
70	377	9.64237
71	33	6.6763
71	54	3.84446
71	101	6.94403
71	120	0.00130171
71	129	4.99851
71	147	7.5283
71	223	5.31983
71	260	8.88966
71	279	5.52998
71	281	0.962242
71	287	5.25787
71	292	6.45883
71	321	6.66451
71	329	5.96391
71	331	6.01389
72	6	4.08997
72	95	8.80673
72	101	4.45311
72	142	5.47722
72	163	4.51628
72	229	6.28691
72	245	5.0216
72	256	5.86465
72	261	5.78969
72	287	3.38896
72	302	6.04492
72	306	6.28728
72	322	6.07958
72	338	6.08379
72	350	6.47704
73	69	6.2019
73	84	3.4223
73	142	0.000100432
73	193	0.000917907
73	253	7.16844e-06
73	268	5.93008
73	270	0.000256647
73	275	6.43905
73	296	5.80227
73	310	5.70289
73	328	0.00198482
73	345	3.68627
73	352	7.91239
73	396	10.5265
74	21	4.71979
74	119	4.04348
74	221	4.72484
74	222	8.42747
74	226	5.74642
74	249	4.94415
74	270	5.07097
74	287	1.01269
74	344	0.728478
74	356	6.60566
74	359	6.72681
74	361	6.64328
74	365	7.04751
74	366	7.24082
74	382	11.9312
75	7	4.11889e-05
75	30	5.9145
75	40	4.98639
75	51	4.03939
75	79	4.65409
75	116	1.16399
75	166	4.87697
75	204	5.98714
75	207	6.62767
75	230	5.01215
75	235	3.27853
75	243	6.90774
75	247	5.06281
75	323	6.3547
75	390	12.4603
76	7	4.15262
76	44	15.2126
76	71	4.15865
76	90	0.412392
76	160	5.46473
76	210	0.000231281
76	212	4.87017
76	287	5.18584
76	292	6.3868
76	321	6.59248
76	326	4.24282
76	329	5.89189
76	331	5.94187
76	359	2.22581
77	19	4.44777
77	86	0.000576936
77	88	4.85566
77	90	4.54864
77	159	3.94196
77	184	4.11288
77	305	5.6183
77	338	6.36653
77	339	1.40976e-06
77	341	6.52401
77	354	10.4664
77	369	13.0956
77	370	6.94556
77	373	7.25929
77	381	7.50027
78	63	3.37713
78	92	0.000286526
78	117	4.81846
78	146	0.000129786
78	244	5.25073
78	281	5.9762
78	286	5.39917
78	313	0.00204803
78	315	1.01262e-05
78	325	7.41321
78	333	5.90699
78	355	7.55904
78	371	9.87759
78	385	4.70853
79	27	3.61514
79	30	5.56911
79	86	6.11514
79	93	4.38054
79	207	6.28229
79	230	4.66676
79	234	6.43016
79	237	7.75726
79	247	4.71742
79	254	6.03995
79	323	6.00932
79	346	7.34656
79	374	1.36046
79	395	7.32313
80	38	5.90245
80	39	2.91342
80	43	3.79948
80	45	3.85108
80	113	7.55469
80	121	5.3804
80	144	4.81845
80	145	5.43854
80	184	5.0183e-05
80	199	6.04398
80	231	5.47134
80	339	8.11579
80	369	8.87582
80	371	9.39215
80	386	5.29119
81	46	4.87088
81	53	0.553193
81	109	4.7071
81	132	4.80654
81	138	6.09497
81	157	4.60377
81	208	5.15052
81	242	5.5811
81	300	5.34653
81	311	6.25031
81	335	6.57574
81	347	6.46519
81	370	5.29044
81	398	10.1519
82	32	8.3227
82	63	3.58815
82	68	5.83797
82	78	6.13821
82	102	5.10307
82	117	5.02949
82	127	4.6483e-05
82	174	1.69992e-05
82	183	5.82863
82	260	4.84828
82	281	6.18722
82	286	5.61019
82	325	7.62424
82	333	6.11801
82	384	13.7769
83	37	3.33135
83	73	7.3354
83	84	2.9254
83	89	3.54902
83	105	9.09134
83	158	9.4285
83	191	5.22169
83	241	0.000136304
83	264	5.76056
83	268	5.43318
83	275	5.94214
83	296	5.30536
83	310	5.20598
83	319	4.63797
83	376	13.1289
84	69	5.38813
84	83	3.21327
84	89	3.23214
84	105	8.77446
84	137	4.10054
84	158	9.11163
84	191	4.90481
84	251	4.52804
84	268	5.1163
84	275	5.62527
84	296	4.98849
84	302	4.58366
84	310	4.88911
84	397	15.8839
85	91	4.05431
85	162	4.36621
85	188	5.13268
85	216	1.38575e-05
85	245	7.81596e-05
85	273	5.59786
85	295	5.71068
85	299	5.36004
85	317	5.60765
85	326	6.47078
85	340	6.08803
85	349	6.70978
85	354	10.6342
85	399	11.4643
86	9	9.41984
86	166	4.88324
86	204	5.99341
86	207	6.63394
86	224	0.441647
86	230	5.01841
86	247	5.06907
86	250	3.46966e-05
86	252	3.67119e-06
86	323	6.36097
86	332	2.38179
86	390	7.06871
86	392	4.49584
86	395	7.69688
87	7	3.8044
87	33	6.25606
87	62	5.43751
87	74	1.41639
87	97	4.88652
87	129	4.57827
87	160	5.11652
87	212	4.52195
87	223	4.89959
87	287	4.83762
87	321	6.24426
87	329	5.54367
87	331	5.59365
87	366	6.34449
88	17	3.5745
88	77	4.66217
88	83	9.83765e-05
88	92	4.56296
88	153	4.13497
88	159	4.089
88	206	15.2556
88	217	5.72739
88	229	0.00155031
88	233	8.33902
88	248	4.83008
88	338	6.51357
88	370	7.0926
88	373	7.40633
88	381	7.6473
89	37	3.39959
89	48	4.41765
89	69	5.77324
89	83	3.59838
89	84	2.99364
89	137	4.48565
89	158	9.49674
89	251	4.91315
89	268	5.50141
89	275	6.01038
89	296	5.3736
89	310	5.27422
89	353	5.53117
89	392	11.0722
90	88	4.9241
90	92	4.48437
90	95	0.00132218
90	110	2.08327
90	122	6.01408
90	136	3.99751
90	217	5.6488
90	248	4.75149
90	283	5.91443
90	305	5.68674
90	370	7.01401
90	373	7.32774
90	379	13.543
90	381	7.56871
91	85	4.54337
91	125	4.06216
91	162	4.04329
91	178	4.70404
91	188	4.80976
91	243	0.477091
91	250	4.74361
91	273	5.27494
91	295	5.38776
91	299	5.03712
91	317	5.28473
91	340	5.76511
91	349	6.38686
91	394	15.1787
92	1	0.000755386
92	36	3.9719
92	69	0.000644147
92	88	4.53936
92	90	4.23234
92	197	23.9005
92	217	5.26406
92	225	4.26145
92	240	5.34134
92	248	4.36674
92	322	0.0164269
92	341	6.20771
92	370	6.62926
92	373	6.94299
92	381	7.18397
93	27	3.88225
93	75	4.62745
93	79	4.57581
93	86	6.38225
93	168	5.47155
93	190	7.51332e-06
93	230	4.93387
93	234	6.69727
93	237	8.02437
93	243	6.82947
93	247	4.98453
93	289	4.19043
93	323	6.27643
93	380	6.56754
93	389	12.7666
94	60	5.73147
94	170	3.80716
94	173	4.54532
94	190	4.59163
94	216	4.82461
94	253	5.19302
94	257	0.00261677
94	265	4.51018
94	291	4.97163
94	308	5.28395
94	316	5.19408
94	330	5.47663
94	344	5.91144
94	355	6.31737
95	13	3.99124
95	50	9.19182e-05
95	224	0.00204293
95	261	5.43057
95	272	5.00795
95	306	5.92816
95	311	0.00136198
95	317	7.57884e-05
95	322	5.72047
95	341	1.48428e-05
95	350	6.11792
95	352	6.53382
95	381	1.19078
95	383	9.40229
96	4	17.7149
96	8	3.24145
96	107	3.73439
96	123	4.20754
96	161	4.19027
96	168	0.98143
96	198	4.3655
96	211	4.00813
96	233	4.85217
96	328	5.84914
96	334	5.86259
96	360	6.41291
96	367	6.5403
96	374	7.08794
96	375	6.90945
97	14	4.51539e-06
97	17	6.7008
97	76	4.90154
97	87	3.73752
97	135	4.94532
97	147	7.60545
97	160	5.61391
97	212	5.01934
97	279	5.60713
97	321	6.74166
97	331	6.09104
97	334	0.562712
97	348	9.01596
97	387	5.82754
98	8	3.14487
98	9	0.00289331
98	104	3.47039
98	107	3.6378
98	161	4.09368
98	224	4.72222
98	238	4.32938
98	328	5.75255
98	334	5.766
98	345	5.75116
98	360	6.31633
98	367	6.44372
98	374	6.99136
98	375	6.81287
98	397	17.7235
99	12	4.16364
99	81	4.3986
99	101	3.36827
99	130	4.66671
99	241	5.48811
99	242	5.09179
99	299	8.58525
99	300	4.85722
99	311	5.761
99	313	5.34262
99	335	6.08644
99	337	6.57129
99	347	5.97588
99	352	13.4976
100	8	3.15688
100	64	3.66279
100	98	3.65049
100	104	3.4824
100	113	6.39686e-06
100	211	3.92356
100	298	5.77428
100	328	5.76457
100	334	5.77802
100	345	5.76318
100	360	6.32835
100	367	6.45573
100	374	7.00338
100	375	6.82488
101	14	3.26079
101	28	4.22519
101	46	4.55722
101	81	4.57424
101	93	4.47007e-05
101	208	4.83685
101	241	5.66375
101	242	5.26743
101	300	5.03286
101	311	5.93664
101	313	5.51825
101	335	6.26208
101	347	6.15152
101	364	10.6667
102	99	3.50823e-05
102	114	0.000247261
102	175	6.52229
102	183	5.8439
102	192	5.3208
102	238	17.1826
102	241	0.000277581
102	260	4.86355
102	281	6.20249
102	286	5.62546
102	289	5.37445
102	325	7.6395
102	326	5.04766
102	333	6.13328
103	6	3.63239
103	13	3.89278
103	23	3.53704
103	67	3.48058
103	70	5.90101
103	95	8.34916
103	174	5.16239
103	215	5.08356
103	261	5.33211
103	302	5.58735
103	322	5.62201
103	350	6.01946
103	359	8.40629
103	361	10.8259
104	100	3.60806
104	108	3.25538
104	123	4.08367
104	139	4.06471
104	186	4.2649
104	193	4.10682
104	198	4.24163
104	224	4.69493
104	225	6.90135
104	233	4.7283
104	345	5.72387
104	360	6.28904
104	367	6.41643
104	374	6.96407
104	375	6.78558
105	83	3.69202
105	84	3.08727
105	178	0.00144443
105	212	5.57395e-05
105	239	0.00112659
105	246	8.10201
105	251	5.00679
105	275	6.10402
105	306	1.99859e-05
105	310	5.36786
105	362	3.70021
105	369	6.52376
105	374	0.000987688
105	388	3.81098
106	138	4.07155
106	185	0.00012548
106	196	5.29677
106	205	6.72942
106	213	4.45764
106	214	13.4388
106	252	5.12771
106	264	5.29432
106	288	5.41026
106	297	6.34456
106	314	7.20057
106	315	6.07424
106	316	3.92112e-05
106	342	6.04507
107	46	0.00211766
107	96	3.68982
107	100	3.68272
107	186	4.33956
107	211	3.95891
107	224	4.76959
107	229	4.46184
107	233	4.80296
107	324	7.65461
107	328	5.79992
107	334	5.81337
107	345	5.79853
107	367	6.49109
107	374	7.03873
107	375	6.86024
108	96	3.43551
108	161	3.88674
108	193	3.92717
108	211	3.7046
108	224	4.51528
108	229	4.20753
108	328	5.54561
108	334	5.55906
108	345	5.54422
108	360	6.10939
108	367	6.23678
108	371	12.5918
108	374	6.78442
108	375	6.60593
108	398	10.9488
109	28	4.58498
109	81	4.93402
109	101	3.90369
109	143	4.77006
109	208	5.19664
109	216	0.000492355
109	242	5.62722
109	299	5.47792
109	300	5.39265
109	311	6.29643
109	313	5.87804
109	335	6.62186
109	337	7.10671
109	368	8.21773
109	399	9.84335
110	63	3.94149
110	78	6.49155
110	82	4.85157
110	107	7.29914
110	135	4.91349e-06
110	183	6.18197
110	192	5.65888
110	244	5.8151
110	245	2.29911
110	279	1.53178
110	289	5.71252
110	305	8.84864
110	325	7.97758
110	333	6.47136
111	74	4.40977
111	81	0.000227952
111	115	3.88806
111	119	3.94034
111	232	5.07557
111	270	4.96783
111	351	6.23355
111	356	6.50251
111	359	6.62366
111	361	6.54014
111	362	9.27208
111	365	6.94437
111	366	7.13767
111	385	6.58769
112	3	4.00914
112	50	3.45886
112	115	3.67939
112	119	3.73167
112	132	7.78513e-05
112	221	4.41302
112	226	5.43461
112	249	4.63234
112	270	4.75916
112	359	6.415
112	361	6.33147
112	365	6.7357
112	366	6.92901
112	387	15.2085
113	73	0.000321033
113	127	7.32478
113	134	7.3823
113	183	9.63016e-06
113	199	4.92752
113	214	5.31796
113	231	4.35488
113	263	6.21997
113	308	1.84645
113	316	0.000144138
113	351	2.73471
113	361	0.735269
113	394	4.94638
113	400	6.55227
114	29	5.41204
114	38	5.61594
114	45	3.56457
114	94	6.47993
114	109	0.000135849
114	121	5.09389
114	134	8.21224
114	176	6.51287
114	199	5.75747
114	263	7.04991
114	311	0.0777814
114	336	6.13568
114	339	7.82928
114	378	9.12782
115	112	3.7217
115	131	4.34002
115	165	3.78422
115	172	4.7588
115	176	0.000256347
115	226	5.33218
115	232	4.76447
115	239	2.11206
115	270	4.65673
115	356	6.19142
115	359	6.31257
115	361	6.22904
115	365	6.63327
115	366	6.82658
116	120	6.16064
116	141	4.34395
116	196	4.74346
116	205	6.17611
116	235	5.24428
116	239	4.98553
116	252	4.5744
116	257	5.44436
116	264	4.74101
116	297	5.79125
116	300	7.33428
116	311	10.3852
116	315	5.52093
116	342	5.49176
117	63	3.66266
117	66	3.27684
117	68	5.91248
117	78	6.21272
117	82	4.57274
117	102	5.17758
117	110	5.31629
117	177	14.4298
117	198	1.7111
117	260	4.92279
117	281	6.26173
117	286	5.6847
117	289	5.43369
117	333	6.19252
117	382	5.64197
118	52	3.72836
118	57	3.46785
118	128	4.00453
118	137	8.80278
118	167	4.21579
118	169	4.26298
118	280	5.29144
118	312	5.65
118	314	5.63376
118	319	5.77939
118	324	5.77962
118	327	5.74019
118	353	6.45046
118	367	9.11189
119	3	3.94326
119	21	4.3421
119	111	4.43862
119	112	3.75825
119	160	5.06385
119	221	4.34715
119	249	4.56646
119	285	5.1349
119	344	7.10334
119	356	6.22797
119	359	6.34912
119	361	6.26559
119	365	6.66982
119	366	6.86313
120	45	5.30017e-05
120	66	3.99017
120	116	3.89384
120	196	5.29286
120	213	4.45373
120	235	5.79368
120	257	5.99375
120	258	9.86613
120	297	6.34065
120	318	3.44897
120	342	6.04116
120	357	0.000104857
120	393	1.85793
120	396	8.3799
121	58	1.52211
121	80	5.42023
121	127	8.77546
121	144	5.15267
121	145	5.77276
121	163	0.0170653
121	199	6.3782
121	231	5.80556
121	232	1.81429
121	263	7.67065
121	279	5.05366
121	306	2.89058
121	325	0.0022321
121	339	8.45001
122	10	5.13268
122	146	4.8726
122	152	5.13128
122	155	5.00686
122	156	5.1537
122	182	5.54648
122	201	5.74312
122	230	0.87511
122	284	5.43908
122	301	0.0861753
122	309	6.04227
122	323	2.74201
122	343	6.67319
122	364	7.2655
122	375	12.3229
123	8	3.40282
123	96	3.9004
123	104	3.72834
123	108	3.54063
123	161	4.35164
123	175	3.26847e-06
123	193	4.39207
123	229	4.67242
123	238	4.58733
123	360	6.57429
123	367	6.70167
123	374	7.24931
123	375	7.07082
123	382	14.4218
124	36	4.40018
124	77	4.62711
124	136	4.04104
124	153	4.09991
124	157	0.00419161
124	165	2.21324
124	225	4.68972
124	240	5.76961
124	293	15.0451
124	305	5.73027
124	338	6.47851
124	370	7.05754
124	373	7.37127
124	381	7.61224
124	389	7.76239
125	1	6.2882e-06
125	32	3.45062
125	85	4.72958
125	91	3.91761
125	154	4.03811
125	178	4.89026
125	188	4.99597
125	254	5.10839
125	273	5.46115
125	282	5.24636
125	299	5.22334
125	340	5.95132
125	349	6.57308
125	380	12.6573
126	4	1.50707
126	181	2.41372
126	200	2.74173
126	258	3.39951
126	267	3.12306
126	363	5.30399
126	379	5.5935
126	383	5.85838
126	385	6.17515
126	386	6.18889
126	392	6.1902
126	393	6.67383
126	394	6.53852
126	395	6.57835
126	396	7.13847
126	397	6.41436
126	398	6.82425
126	399	7.08092
126	400	6.59349
127	39	2.50602
127	61	0.000938566
127	80	4.6786
127	126	9.931
127	144	4.41104
127	149	5.15358
127	172	7.35413e-05
127	199	5.63657
127	266	0.00339783
127	291	0.00495706
127	335	9.14325e-06
127	339	7.70839
127	348	5.99101
127	372	7.79962
128	118	4.01214
128	159	7.48513
128	169	4.11804
128	214	4.39791
128	236	4.29222
128	259	4.74699
128	266	5.0095
128	280	5.1465
128	314	5.48882
128	319	5.63445
128	327	5.59525
128	332	5.72291
128	353	6.30552
128	400	15.6535
129	7	4.57959
129	13	1.44026
129	54	4.19941
129	76	5.17934
129	87	4.01532
129	160	5.89171
129	212	5.29714
129	223	5.67478
129	261	2.46822
129	287	5.61282
129	292	6.81378
129	329	6.31886
129	331	6.36884
129	358	5.52087
129	395	12.0562
130	14	3.71444
130	61	0.000826495
130	81	5.02789
130	99	3.79412
130	109	4.84709
130	132	4.94652
130	143	4.86393
130	157	4.74376
130	227	19.1885
130	242	5.72108
130	289	0.00144982
130	335	6.71573
130	337	7.20058
130	347	6.60518
130	378	5.8777
131	106	3.75117e-05
131	112	4.11084
131	115	3.9661
131	172	5.14794
131	220	13.9195
131	270	5.04588
131	285	5.48749
131	313	3.78277
131	331	3.20437
131	356	6.58056
131	359	6.70171
131	361	6.61818
131	365	7.02241
131	366	7.21572
132	12	4.84
132	28	4.72592
132	99	3.84119
132	101	4.04463
132	189	0.832716
132	208	5.33758
132	241	6.16447
132	283	4.53201e-05
132	300	5.53359
132	313	6.01898
132	318	11.9686
132	335	6.7628
132	337	7.24765
132	347	6.65225
132	384	12.2174
133	11	4.27665
133	79	0.000694989
133	94	4.11069
133	161	3.50472
133	169	10.2699
133	185	5.73647
133	216	5.54543
133	221	7.40892
133	265	5.23101
133	278	5.53276
133	291	5.69246
133	308	6.00478
133	316	5.91491
133	330	6.19746
133	355	7.0382
134	1	4.19894
134	42	5.11809e-05
134	43	3.44543
134	80	4.73196
134	121	5.02635
134	151	4.58597
134	278	0.0517721
134	293	12.0962
134	326	0.0576566
134	339	7.76174
134	342	1.34943e-05
134	388	1.77154
134	396	6.25345
134	398	3.3576
135	54	3.8777
135	62	5.891
135	87	3.69362
135	97	5.34001
135	160	5.57
135	233	7.60922
135	279	5.56322
135	287	5.29111
135	292	6.49207
135	302	5.11644e-05
135	321	6.69775
135	329	5.99716
135	331	6.04713
135	394	6.43827
135	396	11.0026
136	36	3.88137
136	159	3.53513
136	184	3.70605
136	192	0.000240766
136	200	16.8794
136	217	5.17353
136	225	4.17092
136	240	5.25081
136	248	4.27621
136	283	5.43916
136	341	6.11718
136	370	6.53874
136	373	6.85247
136	381	7.09344
137	37	3.86506
137	48	4.88312
137	62	0.00259529
137	69	6.23871
137	84	3.45911
137	89	4.08272
137	139	0.541776
137	158	9.96221
137	226	0.00122823
137	251	5.37862
137	268	5.96688
137	275	6.47585
137	310	5.73969
137	324	6.42703
138	64	0.00264526
138	66	3.58603
138	106	4.48948
138	120	6.30589
138	195	4.94672
138	196	4.88872
138	202	4.83291
138	252	4.71966
138	264	4.88626
138	274	9.91474
138	288	5.0022
138	297	5.93651
138	315	5.66618
138	342	5.63702
139	22	5.19349
139	24	3.24394
139	122	4.70262
139	136	6.26401
139	150	4.17067
139	155	4.56061
139	182	5.10024
139	201	5.29687
139	228	4.3149
139	284	4.99283
139	343	6.22695
139	351	6.20681
139	364	6.81925
139	388	12.6506
140	18	3.46367
140	22	0.00104332
140	167	4.23073
140	169	4.27792
140	210	5.47708
140	214	4.55779
140	236	4.4521
140	259	4.90687
140	312	5.66495
140	314	5.6487
140	319	5.79433
140	320	12.3958
140	324	5.79456
140	353	6.4654
141	138	4.16672
141	150	0.667423
141	183	2.14888
141	196	5.39195
141	213	4.55281
141	235	5.89277
141	239	5.63401
141	252	5.22289
141	257	6.09284
141	263	0.00199078
141	288	5.50543
141	297	6.43973
141	315	6.16941
141	377	11.0047
142	60	4.642
142	72	4.63758
142	103	3.96454
142	170	9.1924
142	174	6.00043
142	191	3.6071e-05
142	211	1.67083
142	245	5.40207
142	256	6.24512
142	302	6.42539
142	322	6.46005
142	341	4.06769
142	350	6.85751
142	381	8.59494
143	14	3.7083
143	71	2.07628
143	99	3.78797
143	128	1.54083e-05
143	157	4.73761
143	208	5.28436
143	241	6.11126
143	262	10.6059
143	300	5.48037
143	311	6.38414
143	313	5.96576
143	335	6.70958
143	337	7.19443
143	347	6.59903
143	393	10.5764
144	29	5.44006
144	38	5.64396
144	114	4.60402
144	127	8.18275
144	145	5.18006
144	149	5.3025
144	151	4.68154
144	176	6.5409
144	231	5.21285
144	263	7.07794
144	290	0.46051
144	307	2.62055
144	363	8.14699
144	399	12.2989
145	29	5.50902
145	39	2.7239
145	43	3.60995
145	45	3.66156
145	57	3.86039
145	121	5.19088
145	127	8.25171
145	134	8.30923
145	263	7.1469
145	339	7.92627
145	370	2.171
145	382	5.13008
145	389	8.4883
145	391	3.86779
146	155	4.78042
146	156	4.92726
146	228	4.53471
146	255	5.3628
146	256	7.06301e-05
146	284	5.21264
146	304	0.615132
146	309	5.81583
146	314	10.5376
146	320	6.00964
146	343	6.44676
146	351	6.42662
146	364	7.03906
146	365	10.0673
147	99	4.06311e-05
147	135	4.4996
147	160	5.16819
147	201	0.000435767
147	220	5.90786
147	258	10.4861
147	279	5.1614
147	292	6.09026
147	308	1.3356
147	321	6.29594
147	329	5.59534
147	349	0.000404729
147	355	5.42852
147	379	0.409444
148	177	2.57628
148	197	3.19709
148	262	3.58568
148	272	3.40407
148	346	4.73703
148	352	4.89011
148	354	5.39545
148	369	6.10539
148	371	5.82556
148	372	5.77055
148	377	6.01236
148	380	6.15313
148	382	5.95643
148	384	5.88743
148	387	6.00321
148	388	6.44444
148	389	6.22458
148	390	6.49601
148	391	6.48871
149	29	5.95233
149	39	3.1672
149	45	4.10486
149	54	2.92724e-06
149	80	5.33979
149	88	5.48823e-06
149	121	5.63418
149	134	8.75253
149	151	5.1938
149	176	7.05316
149	309	6.04492
149	339	8.36957
149	366	1.72019
149	393	13.212
150	35	3.85471
150	122	4.72905
150	139	4.02656
150	146	4.45279
150	155	4.58705
150	201	5.32331
150	228	4.34133
150	274	5.25899
150	320	5.81627
150	343	6.25338
150	351	6.23324
150	364	6.84568
150	385	12.2204
150	393	12.1202
151	1	4.53231
151	29	5.67787
151	38	5.88177
151	43	3.7788
151	45	3.8304
151	80	5.06533
151	113	7.53401
151	127	8.42056
151	145	5.41786
151	176	6.7787
151	179	4.60433
151	242	3.02122e-05
151	339	8.09511
151	347	6.67116
151	385	12.0604
152	35	4.09265
152	189	5.39566
152	228	4.57927
152	247	6.87542
152	255	5.40737
152	274	5.49693
152	284	5.25721
152	292	0.00023224
152	309	5.8604
152	320	6.05421
152	343	6.49133
152	351	6.47119
152	364	7.08363
152	365	7.0589
152	388	12.603
153	19	4.09303
153	56	3.95192
153	119	7.09828
153	124	4.50859
153	159	3.58722
153	184	3.75813
153	217	5.22561
153	305	5.26355
153	338	6.01179
153	341	6.16927
153	370	6.59082
153	373	6.90455
153	381	7.14552
153	386	14.0248
154	85	4.49862
154	168	1.98315
154	188	4.76502
154	250	4.69887
154	254	4.87744
154	273	5.2302
154	282	5.0154
154	295	5.34302
154	299	4.99238
154	317	5.23999
154	326	6.10312
154	340	5.72037
154	349	6.34212
154	358	15.6762
155	146	4.74256
155	156	5.02366
155	201	5.61308
155	204	0.00512635
155	208	0.000142067
155	228	4.6311
155	243	3.81093
155	249	4.65044
155	255	5.45919
155	274	5.54876
155	309	5.91223
155	320	6.10604
155	343	6.54315
155	351	6.52301
155	364	7.13545
156	122	4.89356
156	138	7.49222
156	150	4.3616
156	201	5.48781
156	228	4.50583
156	274	5.42349
156	284	5.18377
156	309	5.78696
156	314	4.88922
156	320	5.98077
156	326	5.2669
156	343	6.41789
156	351	6.39775
156	364	7.01019
156	390	8.90036
157	6	1.42851
157	109	4.77771
157	130	5.22662
157	132	4.87714
157	143	4.79455
157	191	4.58009
157	241	6.04802
157	242	5.6517
157	288	7.51572
157	311	6.32091
157	313	5.90253
157	335	6.64635
157	337	7.1312
157	347	6.53579
157	367	9.90017
158	48	3.20061
158	56	0.0002108
158	84	1.7766
158	108	8.4615e-05
158	144	1.66639e-05
158	296	4.15656
158	297	0.0025179
158	310	4.05718
158	350	0.000791102
158	351	2.89951
158	352	7.06144
158	371	8.42273
158	381	1.7184
158	384	4.99339
159	17	3.0351
159	184	3.72052
159	195	5.08521
159	217	5.188
159	240	5.26528
159	248	4.29068
159	283	5.45362
159	305	5.22594
159	338	5.97417
159	341	6.13165
159	359	11.8566
159	370	6.5532
159	373	6.86693
159	381	7.1079
160	71	4.7059
160	109	7.90832e-06
160	129	5.47374
160	135	5.34339
160	147	8.00352
160	154	4.79174
160	185	2.23207e-06
160	257	1.4529e-05
160	279	6.0052
160	292	6.93405
160	309	6.14332
160	321	7.13973
160	329	6.43914
160	366	1.81859
161	8	3.32289
161	100	3.81338
161	108	3.4607
161	198	4.44694
161	211	4.08957
161	224	4.90025
161	229	4.5925
161	253	3.4007
161	345	5.92919
161	360	6.49436
161	367	6.62175
161	374	7.16939
161	375	6.99089
161	394	15.7839
162	32	3.33969
162	53	3.97251
162	179	4.6672
162	203	19.0121
162	250	4.81889
162	254	4.99746
162	273	5.35022
162	282	5.13542
162	299	5.1124
162	317	5.36001
162	326	6.22314
162	327	6.00391
162	340	5.84039
162	349	6.46214
163	23	3.98075
163	48	0.449299
163	72	4.24324
163	95	8.79286
163	142	5.46335
163	174	5.6061
163	242	6.05875e-06
163	245	5.00774
163	261	5.77582
163	302	6.03105
163	306	6.27341
163	322	6.06571
163	343	8.84651
163	350	6.46317
163	372	17.2448
164	148	2.71958
164	180	2.95889
164	197	3.58993
164	222	3.25269
164	262	3.97852
164	272	3.79692
164	318	4.61291
164	346	5.12988
164	352	5.28295
164	354	5.78829
164	369	6.49823
164	371	6.21841
164	377	6.40521
164	378	6.14468
164	382	6.34928
164	384	6.28028
164	387	6.39605
164	388	6.83729
164	389	6.61743
164	390	6.88886
164	391	6.88156
165	3	3.9707
165	50	3.42042
165	111	4.46606
165	115	3.64095
165	123	7.16465
165	226	5.39617
165	249	4.5939
165	270	4.72072
165	304	6.4606
165	356	6.25541
165	359	6.37656
165	361	6.29303
165	365	6.69726
165	366	6.89057
166	27	3.93029
166	30	5.88427
166	69	2.59471e-06
166	75	4.6755
166	86	6.43029
166	168	5.51959
166	204	5.95691
166	210	1.26706e-06
166	219	5.98406
166	230	4.98192
166	234	6.74532
166	243	6.87751
166	266	9.91815
166	323	6.32447
166	329	5.36202
167	18	3.47769
167	118	4.18604
167	140	4.14366
167	214	4.57181
167	259	4.92089
167	266	5.1834
167	295	5.26123
167	312	5.67896
167	314	5.66272
167	324	5.80858
167	327	5.76915
167	332	5.89681
167	353	6.47942
167	361	11.4927
168	40	5.21939
168	51	4.27238
168	79	4.88709
168	86	6.69352
168	93	4.95892
168	142	1.72676e-06
168	161	2.31224
168	188	1.23712
168	204	6.22014
168	237	8.33565
168	247	5.2958
168	320	4.33509
168	323	6.5877
168	346	14.1548
169	52	3.7712
169	56	4.96528
169	57	3.51069
169	167	4.25863
169	204	5.63568e-07
169	214	4.58569
169	259	4.93477
169	266	5.19728
169	280	5.33428
169	314	5.6766
169	319	5.82223
169	324	5.82246
169	332	5.9107
169	353	6.49331
170	19	11.1808
170	34	3.15971
170	42	4.43524
170	49	3.80615
170	61	4.69607
170	185	5.30646
170	190	4.88245
170	223	0.000259479
170	253	5.48384
170	301	5.49913
170	316	5.4849
170	330	5.76744
170	344	6.20226
170	355	6.60819
171	2	4.83378
171	78	1.81844e-06
171	194	4.54548
171	235	3.95865
171	269	5.28339
171	271	5.23078
171	276	5.38541
171	294	5.94896
171	298	5.83362
171	304	6.16859
171	307	5.77523
171	348	6.48605
171	357	7.05969
171	360	5.1524
171	371	17.4323
172	44	16.0125
172	50	3.72414
172	111	4.76978
172	112	4.0894
172	115	3.94467
172	143	1.38816e-05
172	165	4.15193
172	277	7.77017e-06
172	356	6.55913
172	359	6.68028
172	361	6.59675
172	365	7.00098
172	366	7.19429
172	387	9.03154
173	11	4.22277
173	42	4.81137
173	49	4.18228
173	170	4.4741
173	269	5.05008
173	278	5.47888
173	291	5.63857
173	301	5.87526
173	316	5.86103
173	330	6.14357
173	344	6.57839
173	346	9.69047
173	351	8.08131
173	355	6.98431
173	364	3.71158
174	6	4.14901
174	23	4.05366
174	142	5.53627
174	163	4.57532
174	245	5.08065
174	256	5.9237
174	287	6.24799e-05
174	302	6.10397
174	305	2.66543
174	322	6.13863
174	350	6.53608
174	376	8.04114
174	388	7.94666
174	391	6.36808
175	49	7.26946
175	59	5.14661
175	78	6.66966
175	110	5.77323
175	183	6.36008
175	191	1.4437e-05
175	192	5.83699
175	260	5.37973
175	294	4.43754e-05
175	301	7.40334e-05
175	318	9.67554
175	325	8.15569
175	333	6.64947
175	393	8.0845
176	39	2.43076
176	45	3.36842
176	113	7.07203
176	127	7.95857
176	149	5.07831
176	263	6.85376
176	339	7.63312
176	347	0.00133883
176	348	7.58411
176	356	7.62689e-06
176	361	0.809408
176	365	0.00117845
176	396	9.58485
176	399	7.10127
177	222	2.98634
177	272	3.53057
177	318	4.34656
177	336	4.55325
177	346	4.86353
177	352	5.01661
177	354	5.52195
177	369	6.23189
177	371	5.95206
177	377	6.13886
177	378	5.87833
177	380	6.27962
177	382	6.08293
177	384	6.01393
177	387	6.12971
177	388	6.57094
177	389	6.35108
177	390	6.62251
177	391	6.61521
178	125	4.58186
178	146	2.30009
178	154	4.37159
178	162	4.56299
178	179	5.11162
178	273	5.79463
178	282	5.57984
178	295	5.90746
178	298	1.90615
178	299	5.55682
178	312	6.04745
178	326	6.66756
178	340	6.28481
178	349	6.90656
178	380	12.0331
179	32	3.7498
179	81	0.00173033
179	85	5.02876
179	188	5.29515
179	217	5.94628
179	250	5.229
179	254	5.40757
179	273	5.76033
179	282	5.54554
179	296	4.7556
179	304	2.55746
179	317	5.77012
179	326	6.63325
179	340	6.2505
179	349	6.87225
180	65	2.09537
180	177	2.77983
180	227	3.05689
180	262	3.78922
180	318	4.42361
180	352	5.09365
180	354	5.59899
180	369	6.30893
180	371	6.02911
180	372	5.97409
180	377	6.21591
180	378	5.95538
180	380	6.35667
180	382	6.15998
180	384	6.09098
180	387	6.20675
180	388	6.64799
180	389	6.42813
180	390	6.69956
180	391	6.69226
181	187	2.68839
181	258	3.57569
181	293	3.42249
181	362	5.31867
181	363	5.48017
181	368	6.04605
181	376	5.99802
181	379	5.76967
181	383	6.03455
181	386	6.36506
181	392	6.36637
181	393	6.85
181	394	6.7147
181	395	6.75452
181	396	7.31465
181	397	6.59054
181	398	7.00042
181	399	7.2571
181	400	6.76966
182	8	7.20599
182	35	4.3454
182	139	4.51725
182	189	5.64841
182	255	5.66011
182	274	5.74968
182	280	6.12413
182	284	5.50995
182	309	6.11315
182	320	6.30696
182	321	5.16423e-05
182	343	6.74407
182	351	6.72393
182	364	7.33637
182	392	9.86317
183	27	9.78507
183	59	5.01678
183	82	4.89985
183	141	2.97014
183	223	5.42819e-06
183	244	5.86338
183	260	5.24991
183	286	6.01182
183	289	5.76081
183	304	0.2245
183	325	8.02586
183	333	6.51964
183	373	2.56292
183	374	8.82361
184	19	4.10005
184	29	2.29219e-05
184	36	3.94048
184	92	4.0682
184	240	5.30991
184	248	4.33532
184	283	5.49826
184	305	5.27057
184	338	6.01881
184	341	6.17628
184	370	6.59784
184	373	6.91157
184	381	7.15254
184	386	17.6279
185	85	5.508e-05
185	133	5.09834
185	170	4.57552
185	173	5.31368
185	216	5.59296
185	265	5.27854
185	269	4.12438
185	272	9.79167
185	278	5.58029
185	308	6.05231
185	316	5.96244
185	330	6.24499
185	344	6.6798
185	355	7.08573
185	383	14.186
186	64	3.86355
186	98	3.85125
186	104	3.68317
186	125	4.7838
186	161	4.30646
186	238	4.54216
186	328	5.96533
186	334	5.97878
186	345	5.96394
186	360	6.52911
186	367	6.6565
186	373	4.6175
186	374	7.20414
186	375	7.02565
187	16	1.42717
187	200	3.05911
187	203	2.80448
187	258	3.71689
187	358	5.47177
187	362	5.45987
187	363	5.62137
187	376	6.13922
187	379	5.91087
187	383	6.17576
187	385	6.49253
187	386	6.50626
187	392	6.50757
187	393	6.9912
187	394	6.8559
187	395	6.89572
187	396	7.45585
187	397	6.73174
187	398	7.14162
187	399	7.3983
187	400	6.91086
188	53	4.40695
188	96	2.66353
188	162	4.55301
188	169	9.76564
188	178	5.21376
188	179	5.10164
188	205	8.33362e-05
188	248	13.289
188	254	5.4319
188	273	5.78466
188	282	5.56987
188	317	5.79445
188	326	6.65758
188	340	6.27483
188	349	6.89658
189	22	5.73522
189	31	0.000948439
189	150	4.7124
189	155	5.10235
189	182	5.64197
189	228	4.85663
189	274	5.77429
189	284	5.53457
189	320	6.33157
189	329	5.76683
189	340	5.22602
189	343	6.76868
189	351	6.74854
189	357	9.78522
189	364	7.36099
190	11	4.2806
190	50	1.00994e-06
190	94	4.11464
190	185	5.74042
190	216	5.54938
190	230	0.54593
190	253	5.9178
190	265	5.23495
190	278	5.53671
190	308	6.00873
190	330	6.2014
190	344	6.63622
190	347	8.71591
190	355	7.04215
190	395	15.6105
191	5	5.43139
191	37	4.18584
191	48	5.2039
191	73	8.18988
191	83	4.38463
191	89	4.4035
191	104	12.5427
191	121	6.25751
191	137	5.2719
191	251	5.6994
191	268	6.28766
191	275	6.79663
191	310	6.06047
191	366	1.90639
191	373	2.78033
192	63	3.7004
192	78	6.25046
192	175	6.61926
192	244	5.574
192	246	15.0042
192	260	4.96053
192	268	8.64044e-05
192	281	6.29946
192	284	0.724024
192	286	5.72244
192	289	5.47142
192	325	7.73648
192	333	6.23026
192	397	9.72733
193	100	3.81707
193	104	3.65211
193	107	3.81953
193	198	4.45064
193	211	4.09326
193	238	4.5111
193	319	9.50851
193	328	5.93428
193	334	5.94772
193	345	5.93288
193	353	8.72841
193	360	6.49805
193	367	6.62544
193	374	7.17308
193	375	6.99459
194	47	3.28867
194	82	1.42374
194	171	4.71579
194	218	4.71232
194	228	10.986
194	269	4.92355
194	271	4.87094
194	276	5.02557
194	290	5.39954
194	298	5.47378
194	304	5.80875
194	307	5.41539
194	348	6.12621
194	357	6.69985
195	116	4.08924
195	120	6.90544
195	167	2.7512
195	190	3.18762
195	196	5.48826
195	235	5.98908
195	239	5.73032
195	252	5.3192
195	257	6.18915
195	283	4.47299e-05
195	288	5.60174
195	297	6.53605
195	342	6.23656
195	381	11.7346
196	41	4.39993
196	84	1.59023
196	116	3.94962
196	141	4.94912
196	195	5.40664
196	198	8.17529
196	205	6.78128
196	213	4.50951
196	257	6.04953
196	264	5.34618
196	297	6.39643
196	336	11.3229
196	342	6.09694
196	358	5.45256
197	20	2.38019
197	164	3.29066
197	180	3.00604
197	222	3.29984
197	227	3.29333
197	262	4.02567
197	272	3.84407
197	346	5.17703
197	369	6.54538
197	371	6.26556
197	372	6.21054
197	377	6.45235
197	378	6.19183
197	382	6.39642
197	384	6.32742
197	387	6.4432
197	389	6.66458
197	390	6.93601
197	391	6.92871
198	5	6.63727
198	64	3.81621
198	161	4.25912
198	186	4.45763
198	229	4.57991
198	237	0.0015342
198	238	4.49482
198	328	5.91799
198	334	5.93144
198	345	5.9166
198	360	6.48177
198	367	6.60916
198	374	7.1568
198	375	6.97831
199	29	5.36289
199	39	2.57776
199	43	3.46382
199	55	16.449
199	121	5.04474
199	144	4.48279
199	145	5.10288
199	176	6.46372
199	249	0.000288025
199	263	7.00077
199	338	0.00195183
199	339	7.78013
199	372	6.47211
199	398	3.76841
200	16	1.59421
200	126	2.4896
200	258	3.88392
200	267	3.60747
200	293	3.73072
200	358	5.6388
200	362	5.62691
200	363	5.7884
200	368	6.35429
200	379	6.07791
200	383	6.34279
200	385	6.65956
200	386	6.6733
200	392	6.6746
200	393	7.15823
200	394	7.02293
200	395	7.06276
200	396	7.62288
200	397	6.89877
200	398	7.30865
200	399	7.56533
200	400	7.07789
201	2	0.000794668
201	24	3.62233
201	152	5.06342
201	189	5.50967
201	228	4.69328
201	255	5.52137
201	274	5.61094
201	291	2.45459
201	320	6.16822
201	322	8.19493
201	343	6.60533
201	351	6.58519
201	364	7.19763
201	396	15.9456
202	41	4.57097
202	106	5.12043
202	116	4.12066
202	138	4.29445
202	167	5.49832
202	205	6.95232
202	225	3.0005
202	235	6.0205
202	237	0.00427432
202	252	5.35062
202	288	5.63316
202	297	6.56746
202	315	6.29714
202	337	0.000960352
202	342	6.26797
203	44	2.36342
203	200	3.01279
203	206	2.38025
203	258	3.67057
203	267	3.39412
203	358	5.42545
203	362	5.41355
203	363	5.57505
203	376	6.0929
203	379	5.86455
203	383	6.12944
203	385	6.44621
203	393	6.94488
203	394	6.80958
203	395	6.8494
203	396	7.40953
203	397	6.68542
203	398	7.0953
203	399	7.35198
203	400	6.86454
204	9	8.33912
204	30	4.84005
204	55	13.1436
204	168	4.47537
204	171	0.000113019
204	177	7.34854
204	192	9.17184e-05
204	207	5.55322
204	219	4.93984
204	234	5.7011
204	237	7.0282
204	238	6.31571
204	323	5.28025
204	375	0.00810739
205	35	0.706286
205	36	2.37634e-05
205	65	18.521
205	172	6.76412e-05
205	176	2.69558e-06
205	196	5.29149
205	202	5.23568
205	213	4.45236
205	239	5.53356
205	297	6.33928
205	315	6.06896
205	327	5.58794
205	342	6.03979
205	367	1.72334
206	200	2.7784
206	246	3.22556
206	293	3.28299
206	358	5.19107
206	362	5.17917
206	363	5.34067
206	376	5.85851
206	379	5.63017
206	383	5.89505
206	385	6.21183
206	386	6.22556
206	392	6.22687
206	393	6.7105
206	394	6.57519
206	395	6.61502
206	396	7.17514
206	397	6.45103
206	398	6.86092
206	399	7.1176
206	400	6.63016
207	27	4.56062
207	67	5.96075e-05
207	79	5.25419
207	89	0.785037
207	156	1.24255e-05
207	166	5.47707
207	218	3.73836
207	219	6.61439
207	234	7.37565
207	247	5.66291
207	323	6.9548
207	328	9.07285
207	347	7.80446
207	350	5.12356
208	12	4.87658
208	28	4.7625
208	81	5.11155
208	99	3.87778
208	109	4.93075
208	132	5.03018
208	143	4.94759
208	256	0.000530197
208	300	5.57017
208	320	2.03043
208	335	6.79939
208	337	7.28424
208	347	6.68883
208	362	12.2146
208	400	13.8489
209	2	4.47732
209	58	3.51328
209	75	2.91947
209	194	4.18901
209	269	4.92693
209	271	4.87431
209	290	5.40292
209	294	5.5925
209	303	5.86515
209	304	5.81212
209	307	5.41877
209	348	6.12959
209	356	12.2049
209	357	6.70323
210	128	4.54129
210	167	4.75255
210	169	4.79974
210	195	3.30384e-06
210	236	4.97392
210	266	5.69119
210	280	5.82819
210	312	6.18676
210	319	6.31615
210	327	6.27695
210	332	6.40461
210	353	6.98722
210	378	11.8296
210	391	8.3585
210	393	7.89702
211	107	3.65618
211	186	4.31057
211	224	4.7406
211	229	4.43285
211	233	4.77396
211	313	8.11755
211	328	5.77093
211	334	5.78438
211	345	5.76954
211	347	9.53527
211	360	6.33471
211	367	6.4621
211	374	7.00974
211	375	6.83125
212	54	3.9166
212	76	4.89653
212	97	5.3789
212	129	5.07065
212	147	7.60044
212	165	9.15402
212	223	5.39197
212	236	0.471122
212	278	7.8544
212	279	5.60211
212	287	5.33001
212	321	6.73665
212	329	6.03605
212	331	6.08603
212	390	10.5985
213	66	3.69682
213	106	4.60027
213	138	3.77429
213	196	4.99951
213	202	4.9437
213	235	5.50033
213	257	5.7004
213	264	4.99705
213	288	5.11299
213	297	6.0473
213	315	5.77697
213	342	5.74781
213	351	11.0134
213	376	13.402
214	117	0.00875007
214	118	4.22744
214	169	4.33334
214	192	1.07763
214	210	5.5325
214	236	4.50752
214	266	5.2248
214	280	5.3618
214	314	5.70412
214	319	5.84976
214	324	5.84998
214	327	5.81056
214	332	5.93822
214	353	6.52083
215	18	0.641683
215	60	4.72453
215	67	4.40116
215	70	6.82158
215	103	4.04707
215	151	0.984367
215	163	4.97928
215	245	5.48461
215	256	6.32766
215	261	6.25269
215	277	4.05379
215	302	6.50792
215	322	6.54258
215	350	6.94004
215	382	16.4499
216	24	14.538
216	33	0.00105707
216	42	4.9141
216	61	5.17493
216	158	0.000873281
216	173	5.315
216	265	5.27985
216	291	5.7413
216	301	5.97799
216	308	6.05363
216	316	5.96376
216	330	6.2463
216	344	6.68112
216	355	7.08705
216	358	15.1415
217	2	1.09548e-05
217	3	1.83117e-06
217	136	4.29581
217	153	4.35468
217	159	4.30871
217	184	4.47962
217	248	5.04979
217	283	6.21273
217	306	1.39617
217	341	6.89076
217	359	9.44417
217	370	7.31231
217	373	7.62604
217	381	7.86701
218	15	3.36029
218	26	3.79921
218	137	7.73036
218	209	4.39561
218	269	5.11899
218	271	5.06638
218	276	5.22101
218	277	5.58356
218	290	5.59498
218	298	5.66923
218	304	6.00419
218	348	6.32165
218	357	6.89529
218	373	5.48846
219	40	5.34842
219	51	4.40141
219	68	0.000575601
219	75	5.06775
219	91	0.946825
219	93	5.08795
219	166	5.239
219	168	5.91185
219	204	6.34917
219	230	5.37417
219	237	8.46467
219	247	5.42483
219	297	8.64479
219	334	8.34949
220	187	2.61418
220	200	2.8437
220	362	5.24447
220	363	5.40597
220	368	5.97185
220	376	5.92381
220	379	5.69547
220	383	5.96035
220	385	6.27713
220	386	6.29086
220	392	6.29217
220	394	6.64049
220	395	6.68032
220	396	7.24045
220	397	6.51633
220	398	6.92622
220	399	7.1829
220	400	6.69546
221	3	4.14256
221	21	4.5414
221	112	3.95755
221	178	4.22671
221	232	5.00033
221	249	4.76577
221	270	4.89259
221	285	5.33421
221	292	1.60096e-06
221	356	6.42727
221	359	6.54842
221	361	6.4649
221	365	6.86913
221	366	7.06243
222	20	2.21815
222	177	2.85424
222	336	4.70471
222	346	5.01499
222	352	5.16807
222	354	5.67341
222	369	6.38335
222	371	6.10352
222	377	6.29032
222	378	6.02979
222	380	6.43109
222	382	6.23439
222	384	6.16539
222	387	6.28117
222	388	6.7224
222	389	6.50254
222	390	6.77397
222	391	6.76667
223	54	3.95009
223	71	4.3363
223	87	3.766
223	129	5.10414
223	147	7.63392
223	160	5.64238
223	181	10.2094
223	212	5.04781
223	279	5.6356
223	321	6.77013
223	329	6.06954
223	331	6.11952
223	336	5.28388
223	362	6.27271
223	400	7.90693
224	8	3.51674
224	96	4.01432
224	104	3.84226
224	161	4.46556
224	193	4.50599
224	233	5.12746
224	238	4.70125
224	324	6.34586
224	345	6.12304
224	360	6.68821
224	367	6.81559
224	374	7.36323
224	375	7.18474
224	379	14.1451
225	23	7.95885
225	92	4.28362
225	136	3.79676
225	153	3.85563
225	217	5.44805
225	248	4.55074
225	283	5.71368
225	305	5.48599
225	338	6.23423
225	341	6.39171
225	342	9.2068
225	370	6.81326
225	373	7.12699
225	381	7.36796
226	74	4.273
226	131	4.51434
226	164	14.3317
226	249	4.70424
226	267	10.4484
226	270	4.83106
226	285	5.27267
226	294	0.000186192
226	355	3.36041
226	356	6.36574
226	359	6.48689
226	361	6.40337
226	365	6.80759
226	366	7.0009
227	164	3.11527
227	180	2.83065
227	262	3.85028
227	336	4.69135
227	346	5.00163
227	354	5.66005
227	369	6.36999
227	371	6.09016
227	372	6.03515
227	377	6.27696
227	378	6.01643
227	380	6.41773
227	382	6.22103
227	384	6.15203
227	387	6.26781
227	388	6.70904
227	389	6.48918
227	390	6.76061
227	391	6.75331
228	22	5.17501
228	35	3.8098
228	122	4.68414
228	139	3.98165
228	150	4.15219
228	189	5.11281
228	255	5.12451
228	274	5.21408
228	320	5.77136
228	323	5.40281
228	331	9.70977
228	343	6.20847
228	351	6.18833
228	364	6.80078
229	98	3.85246
229	123	4.32495
229	193	4.34811
229	233	4.96958
229	238	4.54337
229	253	5.4451
229	328	5.96655
229	334	5.97999
229	345	5.96515
229	357	11.4255
229	360	6.53032
229	367	6.65771
229	374	7.20535
229	375	7.02686
230	9	9.30309
230	27	3.85004
230	30	5.80402
230	51	3.92891
230	75	4.59525
230	93	4.61545
230	168	5.43934
230	187	12.9765
230	189	2.64172
230	198	9.97948
230	207	6.51719
230	217	2.61914
230	219	5.90381
230	243	6.79726
230	323	6.24422
231	1	4.6755
231	48	6.51735
231	64	0.002813
231	80	5.20852
231	89	4.67454
231	114	4.98501
231	134	8.62126
231	144	4.94095
231	149	5.68349
231	151	5.06253
231	176	6.92189
231	263	7.45893
231	270	0.118452
231	339	8.2383
232	21	4.81609
232	31	3.69898
232	74	4.60922
232	98	3.28643
232	131	4.85056
232	147	1.31656e-05
232	172	5.26934
232	187	12.8117
232	285	5.60889
232	356	6.70196
232	359	6.82311
232	361	6.73959
232	365	7.14381
232	366	7.33712
232	392	10.4262
233	108	3.57886
233	123	4.40714
233	161	4.38987
233	186	4.58838
233	193	4.4303
233	198	4.5651
233	229	4.71065
233	274	10.7674
233	325	0.000778333
233	345	6.04735
233	360	6.61252
233	367	6.73991
233	374	7.28755
233	375	7.10905
234	27	4.59035
234	30	6.54432
234	51	4.66921
234	75	5.33555
234	163	0.00047273
234	207	7.2575
234	230	5.64197
234	236	4.8696
234	243	7.53756
234	244	0.000448301
234	306	1.29855
234	323	6.98453
234	353	6.88313
234	367	8.30628
235	102	0.0017072
235	138	4.36122
235	141	5.18693
235	175	0.00166701
235	195	5.64444
235	196	5.58645
235	202	5.53063
235	239	5.82851
235	252	5.41739
235	257	6.28734
235	288	5.69993
235	342	6.33474
235	344	5.2465
235	368	17.1382
236	118	4.13244
236	128	3.97989
236	167	4.19115
236	173	5.2648e-06
236	210	5.43749
236	266	5.12979
236	267	24.2965
236	280	5.26679
236	312	5.62536
236	319	5.75475
236	324	5.75498
236	327	5.71555
236	332	5.84321
236	353	6.42582
237	51	3.2636
237	93	3.95014
237	120	0.000765604
237	166	4.10119
237	168	4.77404
237	204	5.21136
237	213	6.64999e-06
237	219	5.2385
237	227	17.0056
237	233	2.89076
237	234	5.99976
237	296	8.29568e-05
237	383	6.53855
237	400	3.32571
238	104	3.60116
238	108	3.41344
238	114	0.280584
238	123	4.24173
238	161	4.22445
238	193	4.26488
238	263	5.81607
238	328	5.88332
238	334	5.89677
238	345	5.88193
238	360	6.4471
238	367	6.57449
238	374	7.12213
238	375	6.94364
239	120	6.78902
239	130	1.43523e-06
239	141	4.97233
239	205	6.80448
239	213	4.53271
239	235	5.87266
239	252	5.20278
239	257	6.07273
239	264	5.36939
239	315	6.14931
239	322	9.81623
239	342	6.12014
239	359	6.37182
239	385	11.145
240	25	4.31067
240	56	4.67244
240	77	4.8809
240	153	4.3537
240	184	4.47865
240	225	4.94352
240	254	10.952
240	317	5.61663
240	320	2.37469
240	338	6.7323
240	341	6.88978
240	370	7.31133
240	373	7.62506
240	381	7.86604
240	395	12.2351
241	11	3.62859
241	12	4.97663
241	14	3.89815
241	46	5.19457
241	94	9.83451
241	130	5.4797
241	132	5.13022
241	143	5.04763
241	157	4.92746
241	200	8.86254
241	208	5.47421
241	285	7.33811
241	311	6.57399
241	347	6.78888
242	12	5.0169
242	14	3.93842
242	96	2.15341
242	109	5.07107
242	130	5.51998
242	208	5.51448
242	224	7.11841
242	241	6.34138
242	279	2.21008
242	300	5.71049
242	313	6.19589
242	335	6.93971
242	337	7.42456
242	347	6.82915
242	362	14.6974
243	63	1.60459
243	75	5.24964
243	86	7.00443
243	152	7.46451e-06
243	171	5.60529e-06
243	186	5.16509
243	204	6.53105
243	230	5.55606
243	237	8.64656
243	247	5.60672
243	273	2.67116e-06
243	302	2.59327
243	323	6.89862
243	361	10.5858
244	78	6.25286
244	102	5.21772
244	117	5.14414
244	119	4.24367
244	175	6.62167
244	183	5.94328
244	192	5.42018
244	260	4.96293
244	281	6.30187
244	286	5.72484
244	297	6.36527
244	325	7.73888
244	333	6.23266
244	357	5.55691
244	389	15.084
245	21	1.35438
245	60	4.31506
245	70	6.41212
245	88	1.3591e-05
245	95	8.86027
245	142	5.53076
245	215	5.59467
245	256	5.91819
245	302	6.09846
245	303	5.97892
245	306	6.34082
245	322	6.13312
245	350	6.53057
245	381	12.5076
246	4	2.05647
246	55	2.3252
246	181	2.96312
246	220	2.8933
246	258	3.94891
246	358	5.7038
246	362	5.6919
246	376	6.37124
246	379	6.1429
246	383	6.40778
246	385	6.72456
246	386	6.73829
246	392	6.7396
246	393	7.22323
246	394	7.08792
246	395	7.12775
246	396	7.68788
246	397	6.96376
246	398	7.37365
246	399	7.63033
246	400	7.14289
247	9	9.32478
247	40	4.8976
247	41	2.87634
247	51	3.9506
247	118	5.60603
247	124	0.00245365
247	166	4.78818
247	168	5.46103
247	207	6.53888
247	219	5.9255
247	234	6.68676
247	237	8.01386
247	243	6.81895
247	323	6.26591
247	325	0.00137437
248	17	3.27744
248	77	4.36511
248	90	4.39863
248	134	0.00169521
248	153	3.83791
248	159	3.79194
248	225	4.42773
248	283	5.69597
248	338	6.21651
248	341	6.37399
248	350	10.8683
248	370	6.79554
248	373	7.10927
248	381	7.35025
249	3	4.21422
249	111	4.70958
249	112	4.02921
249	126	21.2877
249	172	5.06631
249	221	4.61811
249	232	5.07199
249	268	0.777191
249	270	4.96425
249	356	6.49893
249	359	6.62008
249	361	6.53656
249	365	6.94078
249	366	7.13409
250	19	6.53114
250	53	4.19112
250	154	4.14579
250	162	4.33718
250	179	4.88581
250	254	5.21607
250	273	5.56883
250	295	5.68165
250	299	5.33101
250	308	13.4123
250	317	5.57862
250	326	6.44175
250	340	6.059
250	349	6.68075
251	5	5.03665
251	20	14.9835
251	73	7.79514
251	83	3.98988
251	89	4.00876
251	105	9.55108
251	137	4.87715
251	158	9.88824
251	268	5.89291
251	275	6.40188
251	286	0.000238608
251	296	5.7651
251	310	5.66572
251	340	4.87976
251	349	4.35381
252	41	4.24134
252	141	4.79053
252	196	5.19005
252	202	5.13424
252	205	6.62269
252	213	4.35091
252	235	5.69087
252	257	5.89094
252	264	5.18759
252	288	5.30353
252	315	5.96751
252	317	8.42492
252	342	5.93834
252	391	13.8994
253	11	4.38408
253	61	5.23352
253	72	1.09392
253	173	5.37358
253	190	5.41989
253	216	5.65287
253	256	5.48457e-06
253	291	5.79989
253	301	6.03658
253	308	6.11221
253	316	6.02234
253	338	7.14757
253	344	6.7397
253	355	7.14563
253	376	15.782
254	53	4.19951
254	85	4.84564
254	125	4.36444
254	131	2.61407
254	134	0.00278242
254	178	5.00632
254	179	4.8942
254	188	5.11204
254	282	5.36242
254	295	5.69004
254	299	5.3394
254	317	5.58701
254	340	6.06739
254	349	6.68914
255	10	4.96693
255	42	5.71461
255	87	9.07087
255	146	4.70685
255	152	4.96553
255	156	4.98795
255	201	5.57737
255	228	4.59539
255	284	5.27333
255	297	9.51362
255	309	5.87652
255	343	6.50745
255	351	6.48731
255	364	7.09975
256	6	4.29886
256	23	4.20351
256	87	5.2233
256	100	3.92741
256	103	3.79297
256	163	4.72517
256	215	5.75003
256	245	5.2305
256	302	6.25382
256	306	6.49618
256	322	6.28848
256	350	6.68594
256	369	14.0556
256	370	8.06748
257	66	4.14995
257	106	5.0534
257	117	0.000147947
257	141	5.05313
257	195	5.51064
257	213	4.61351
257	239	5.6947
257	246	18.3021
257	264	5.45019
257	288	5.56612
257	315	6.2301
257	342	6.20094
257	370	6.42163
257	380	6.53987
258	126	2.62555
258	187	3.13257
258	200	3.36209
258	246	3.80924
258	267	3.74342
258	293	3.86667
258	363	5.92435
258	368	6.49023
258	376	6.44219
258	386	6.80924
258	392	6.81055
258	393	7.29418
258	394	7.15888
258	395	7.1987
258	396	7.75883
258	397	7.03472
258	398	7.4446
258	399	7.70128
258	400	7.21384
259	57	3.60842
259	128	4.14511
259	210	5.60271
259	218	8.79575
259	236	4.57773
259	280	5.43201
259	312	5.79058
259	314	5.77434
259	319	5.91997
259	324	5.92019
259	327	5.88077
259	332	6.00843
259	353	6.59104
259	387	15.9667
260	30	0.00131138
260	82	4.28881
260	110	5.03237
260	117	4.82007
260	175	6.2976
260	183	5.61922
260	192	5.09612
260	194	7.65873
260	244	5.25234
260	281	5.9778
260	286	5.40078
260	289	5.14977
260	325	7.41482
260	333	5.9086
261	6	4.46802
261	13	4.72841
261	35	8.02319
261	67	4.31621
261	80	0.00185459
261	103	3.96212
261	174	5.99802
261	215	5.91919
261	245	5.39966
261	259	6.48005
261	306	6.66533
261	322	6.45764
261	341	8.79123
261	350	6.85509
262	177	3.2607
262	180	3.25047
262	227	3.53776
262	272	4.08849
262	318	4.90448
262	336	5.11117
262	352	5.57453
262	354	6.07987
262	369	6.78981
262	371	6.50999
262	372	6.45497
262	377	6.69678
262	378	6.43625
262	380	6.83755
262	382	6.64085
262	384	6.57185
262	387	6.68763
262	388	7.12886
262	389	6.909
262	390	7.18044
262	391	7.17313
263	1	4.96494
263	39	3.32537
263	59	0.000277106
263	114	5.27445
263	156	0.000899976
263	176	7.21133
263	196	0.000471056
263	199	6.45592
263	231	5.88328
263	244	0.000140374
263	247	7.12846
263	264	5.58215
263	339	8.52774
263	394	12.7736
264	41	4.31188
264	66	3.9579
264	106	4.86135
264	138	4.03537
264	195	5.31859
264	205	6.69323
264	213	4.42145
264	252	5.09153
264	288	5.37407
264	296	5.38538
264	297	6.30838
264	315	6.03805
264	342	6.00889
264	379	14.075
265	34	3.30242
265	133	4.7635
265	173	4.97884
265	252	5.09563
265	253	5.62655
265	278	5.24546
265	291	5.40515
265	301	5.64184
265	308	5.71747
265	316	5.6276
265	330	5.91015
265	344	6.34496
265	350	7.79621
265	355	6.75089
266	18	3.70481
266	57	3.72393
266	128	4.26061
266	140	4.37078
266	210	5.71822
266	236	4.69324
266	257	0.000880525
266	280	5.54752
266	314	5.88984
266	324	6.0357
266	327	5.99627
266	332	6.12393
266	353	6.70654
266	377	13.8661
267	4	2.04982
267	203	3.02985
267	206	2.65194
267	258	3.94226
267	362	5.68525
267	363	5.84674
267	368	6.41263
267	376	6.36459
267	379	6.13625
267	383	6.40113
267	385	6.7179
267	386	6.73164
267	392	6.73294
267	393	7.21658
267	394	7.08127
267	395	7.1211
267	396	7.68122
267	397	6.95711
267	398	7.367
267	399	7.62367
267	400	7.13623
268	5	5.20103
268	37	3.95548
268	48	4.97354
268	73	7.95952
268	97	1.86664e-05
268	158	10.0526
268	191	5.84581
268	251	5.46904
268	260	6.74762
268	290	5.13254
268	296	5.92949
268	310	5.83011
268	353	5.79602
268	356	7.86868
269	26	3.79307
269	171	4.90509
269	194	4.37493
269	199	0.00421
269	209	4.38947
269	218	4.90161
269	290	5.58884
269	291	10.1443
269	294	5.77842
269	303	6.05106
269	304	5.99804
269	307	5.60469
269	348	6.31551
269	357	6.88915
270	50	3.66432
270	119	3.93713
270	165	4.09211
270	226	5.64007
270	232	5.07237
270	249	4.8378
270	285	5.40624
270	336	11.2798
270	356	6.49931
270	359	6.62046
270	361	6.53693
270	365	6.94116
270	366	7.13447
270	383	17.1157
271	15	3.35276
271	58	3.69781
271	121	5.93246
271	218	4.90022
271	276	5.21348
271	277	5.57603
271	290	5.58745
271	294	5.77703
271	303	6.04968
271	304	5.99666
271	307	5.6033
271	348	6.31412
271	357	6.88776
271	364	8.44936
272	148	2.7215
272	318	4.61483
272	346	5.13181
272	354	5.79022
272	369	6.50016
272	371	6.22033
272	372	6.16532
272	377	6.40713
272	378	6.1466
272	380	6.5479
272	382	6.3512
272	384	6.2822
272	387	6.39798
272	388	6.83921
272	389	6.61935
272	390	6.89079
272	391	6.88348
273	20	13.0761
273	32	3.67939
273	125	4.47714
273	154	4.26687
273	179	5.0069
273	250	5.15859
273	295	5.80274
273	299	5.4521
273	317	5.69971
273	326	6.56283
273	340	6.18008
273	345	11.6584
273	349	6.80184
273	356	6.9128
274	127	8.63537e-05
274	150	4.43461
274	152	4.94898
274	155	4.82456
274	189	5.39523
274	201	5.56082
274	205	6.61749e-07
274	255	5.40694
274	284	5.25678
274	309	5.85997
274	320	6.05378
274	351	6.47076
274	364	7.0832
274	374	9.46792
275	5	5.31062
275	54	2.03003e-05
275	69	6.43872
275	82	1.67903e-05
275	83	4.26386
275	89	4.28273
275	191	5.9554
275	251	5.57863
275	258	19.2954
275	268	6.16689
275	281	0.000117692
275	296	6.03908
275	310	5.9397
275	387	12.62
276	15	3.36918
276	26	3.8081
276	171	4.92012
276	269	5.12788
276	271	5.07527
276	277	5.59245
276	298	5.67811
276	303	6.0661
276	304	6.01308
276	307	5.61972
276	318	14.5558
276	348	6.33054
276	357	6.90418
276	379	10.8963
277	26	3.96637
277	153	1.45891
277	171	5.07839
277	194	4.54824
277	218	5.07492
277	261	5.46338
277	269	5.28615
277	276	5.38817
277	290	5.76214
277	294	5.95173
277	307	5.77799
277	348	6.48881
277	357	7.06245
277	368	15.8586
278	58	4.75046
278	133	4.87204
278	173	5.08738
278	185	5.5577
278	253	5.73508
278	263	0.00278807
278	265	5.05223
278	291	5.51368
278	294	8.61412
278	301	5.75037
278	308	5.82601
278	316	5.73614
278	330	6.01868
278	355	6.85942
279	33	6.85171
279	40	4.10953e-05
279	54	4.01987
279	112	4.68754
279	135	5.04357
279	160	5.71217
279	223	5.49524
279	276	1.91838
279	287	5.43327
279	292	6.63424
279	321	6.83991
279	329	6.13932
279	331	6.1893
279	378	17.4664
280	18	3.71708
280	57	3.7362
280	118	4.42543
280	128	4.27289
280	166	5.5769
280	236	4.70551
280	259	5.16028
280	266	5.42279
280	307	10.323
280	312	5.91836
280	314	5.90212
280	319	6.04775
280	324	6.04797
280	327	6.00855
281	59	4.86758
281	82	4.75065
281	117	5.28191
281	128	0.382599
281	183	6.08105
281	244	5.71418
281	285	10.842
281	286	5.86262
281	289	5.6116
281	300	3.88535
281	325	7.87666
281	329	3.59019
281	333	6.37044
281	386	13.2219
282	13	7.714
282	53	4.21611
282	91	4.05027
282	125	4.38104
282	154	4.17078
282	178	5.02292
282	179	4.9108
282	219	5.045
282	254	5.24106
282	273	5.59382
282	317	5.60361
282	326	6.46674
282	340	6.08399
282	349	6.70574
283	19	4.56514
283	77	4.6325
283	88	4.97302
283	90	4.66601
283	153	4.1053
283	154	2.54929
283	180	16.3055
283	284	1.96492
283	305	5.73566
283	341	6.64138
283	370	7.06293
283	373	7.37666
283	376	12.0485
283	381	7.61763
284	22	5.34487
284	24	3.39532
284	35	3.97965
284	122	4.85399
284	150	4.32204
284	186	7.04285
284	189	5.28266
284	228	4.46627
284	274	5.38393
284	320	5.94121
284	343	6.37833
284	351	6.35819
284	364	6.97063
284	394	16.6746
285	3	4.3199
285	74	4.51187
285	75	3.70104
285	111	4.81526
285	165	4.19741
285	221	4.72379
285	241	0.00478572
285	249	4.94311
285	270	5.06993
285	356	6.60461
285	359	6.72576
285	361	6.64224
285	365	7.04646
285	366	7.23977
286	59	4.72471
286	68	5.94753
286	78	6.24777
286	111	6.04004e-05
286	117	5.13905
286	183	5.93819
286	192	5.4151
286	206	20.9415
286	260	4.95784
286	281	6.29678
286	289	5.46874
286	325	7.7338
286	333	6.22757
286	375	8.88513
287	7	4.2816
287	33	6.73326
287	76	4.88135
287	97	5.36372
287	129	5.05547
287	223	5.37679
287	260	7.93519
287	279	5.58693
287	292	6.51578
287	307	8.48014
287	321	6.72146
287	329	6.02087
287	331	6.07085
287	343	12.0516
288	59	0.000152308
288	66	3.95568
288	120	6.67554
288	138	4.03315
288	195	5.31637
288	202	5.20256
288	235	5.75919
288	239	5.50043
288	257	5.95926
288	297	6.30616
288	315	6.03583
288	342	6.00667
288	358	9.68867
288	397	15.6727
289	68	5.79005
289	82	4.4503
289	102	5.05514
289	110	5.19385
289	117	4.98156
289	141	6.71755
289	183	5.7807
289	244	5.41383
289	260	4.80036
289	281	6.13929
289	286	5.56227
289	316	4.23965
289	325	7.57631
289	333	6.07009
290	15	3.53924
290	37	2.09248
290	58	3.88429
290	209	4.57456
290	218	5.0867
290	240	1.39142e-06
290	269	5.29794
290	271	5.24532
290	303	6.23615
290	304	6.18313
290	307	5.78977
290	348	6.5006
290	357	7.07424
290	398	18.395
291	11	4.16335
291	61	5.01278
291	133	4.93751
291	173	5.15285
291	216	5.43213
291	253	5.80055
291	278	5.41946
291	301	5.81584
291	314	12.1164
291	316	5.80161
291	325	0.00061161
291	344	6.51897
291	355	6.92489
291	360	8.13947
292	62	6.09525
292	71	4.46818
292	152	0.000144774
292	160	5.77426
292	212	5.17969
292	265	4.78367
292	287	5.49537
292	321	6.90201
292	329	6.20141
292	331	6.25139
292	333	6.84209e-05
292	350	2.81277
292	384	12.6226
292	400	14.3463
293	187	3.02413
293	258	3.91144
293	267	3.63499
293	358	5.66632
293	362	5.65442
293	363	5.81592
293	368	6.3818
293	379	6.10542
293	383	6.3703
293	385	6.68708
293	386	6.70081
293	392	6.70212
293	393	7.18575
293	394	7.05044
293	395	7.09027
293	396	7.6504
293	397	6.92628
293	398	7.33617
293	399	7.59285
293	400	7.10541
294	47	3.68363
294	49	13.3597
294	58	3.90486
294	171	5.11076
294	209	4.59513
294	218	5.10728
294	271	5.2659
294	277	5.78308
294	290	5.7945
294	295	5.68976
294	303	6.25673
294	304	6.20371
294	307	5.81035
294	357	7.09481
295	32	3.69452
295	47	6.40198
295	91	4.1615
295	93	0.000318703
295	125	4.49227
295	179	5.02203
295	273	5.70505
295	282	5.49026
295	299	5.46723
295	317	5.71484
295	326	6.57797
295	340	6.19522
295	349	6.81697
295	367	8.67948
296	5	5.0712
296	37	3.82565
296	69	6.19929
296	83	4.02444
296	105	9.58563
296	107	8.55465
296	137	4.91171
296	158	9.9228
296	189	3.80046
296	191	5.71598
296	251	5.33921
296	268	5.92747
296	278	11.5785
296	310	5.70028
297	41	4.70544
297	125	6.07757
297	138	4.42892
297	173	0.00309087
297	195	5.71214
297	205	7.08679
297	213	4.81501
297	239	5.89621
297	240	0.0655529
297	264	5.65169
297	288	5.76763
297	315	6.43161
297	316	3.84059
297	342	6.40244
298	47	3.6508
298	58	3.87203
298	171	5.07792
298	194	4.54777
298	276	5.3877
298	277	5.75025
298	290	5.76167
298	294	5.95125
298	303	6.2239
298	304	6.17088
298	312	5.98299
298	348	6.48834
298	357	7.06198
298	363	12.9721
299	125	4.32006
299	154	4.10979
299	178	4.96194
299	188	5.06765
299	243	5.40508
299	250	5.0015
299	254	5.18007
299	282	5.31804
299	295	5.64566
299	315	6.7569
299	317	5.54263
299	326	6.40575
299	340	6.023
299	349	6.64476
300	12	4.60258
300	46	4.82052
300	103	2.83789
300	109	4.65674
300	157	4.55341
300	194	6.45203
300	241	5.92706
300	242	5.53074
300	311	6.19995
300	313	5.78156
300	335	6.52538
300	337	7.01024
300	347	6.41483
301	11	4.10299
301	42	4.69159
301	49	4.0625
301	170	4.35433
301	190	5.1388
301	262	16.4426
301	265	5.05735
301	278	5.35911
301	302	1.63796
301	316	5.74125
301	330	6.0238
301	336	12.8244
301	355	6.86454
302	60	4.52802
302	67	4.20465
302	70	6.62508
302	133	3.05239
302	200	13.9056
302	212	1.10743e-06
302	215	5.80763
302	245	5.2881
302	261	6.05618
302	306	6.55378
302	322	6.34608
302	338	7.09294
302	350	6.74354
303	47	3.73073
303	194	4.6277
303	209	4.64223
303	218	5.15437
303	269	5.36561
303	271	5.313
303	276	5.46763
303	286	0.00123128
303	298	5.91584
303	348	6.56827
303	357	7.14191
303	366	3.05331
303	370	13.3098
304	15	3.52038
304	26	3.9593
304	194	4.54117
304	269	5.27908
304	276	5.3811
304	290	5.75507
304	298	5.82932
304	307	5.77092
304	330	8.65155
304	339	2.22855e-05
304	348	6.48174
304	357	7.05538
304	398	16.0231
305	25	3.99104
305	88	4.90179
305	153	4.03407
305	159	3.9881
305	217	5.62649
305	225	4.62388
305	240	5.70377
305	315	5.34267
305	338	6.41267
305	341	6.57015
305	344	7.25588
305	370	6.9917
305	373	7.30543
305	381	7.5464
306	23	4.26246
306	67	4.206
306	163	4.78413
306	174	5.88781
306	202	6.18247
306	245	5.28945
306	256	6.1325
306	261	6.05754
306	274	2.71907
306	302	6.31277
306	322	6.34743
306	365	9.06418
306	392	10.9727
307	15	3.34646
307	26	3.78538
307	132	0.000396219
307	218	4.89393
307	277	5.56974
307	290	5.58115
307	294	5.77074
307	298	5.6554
307	303	6.04338
307	304	5.99036
307	348	6.30782
307	357	6.88146
307	360	8.49387
308	11	4.03464
308	42	4.62324
308	94	3.86868
308	173	5.02414
308	190	5.07045
308	216	5.30342
308	242	5.06782
308	245	7.50086
308	253	5.67184
308	278	5.29075
308	301	5.68713
308	344	6.39026
308	355	6.79619
309	72	2.20813
309	122	4.88545
309	146	4.60919
309	150	4.3535
309	152	4.86786
309	156	4.89028
309	182	5.28307
309	228	4.49772
309	255	5.32582
309	274	5.41538
309	320	5.97266
309	364	7.00208
309	391	15.2232
310	5	4.75571
310	63	0.331239
310	69	5.8838
310	73	7.5142
310	84	3.1042
310	105	9.27014
310	158	9.6073
310	251	5.02371
310	275	6.12094
310	296	5.48416
310	328	7.5452
310	375	9.55463
310	391	12.0274
311	28	4.78113
311	91	5.459
311	101	4.09984
311	130	5.39828
311	132	5.04881
311	275	0.000992308
311	300	5.5888
311	313	6.07419
311	321	0.000593637
311	335	6.81801
311	337	7.30287
311	347	6.70746
311	379	13.4419
312	52	3.91656
312	128	4.19273
312	140	4.3029
312	214	4.73105
312	244	0.000102657
312	259	5.08013
312	314	5.82196
312	319	5.96759
312	324	5.96782
312	327	5.92839
312	332	6.05605
312	353	6.63866
312	391	15.2496
313	81	4.94032
313	101	3.90999
313	208	5.20294
313	221	8.5495
313	241	6.02984
313	242	5.63352
313	276	3.30764
313	300	5.39895
313	311	6.30273
313	329	6.45956
313	335	6.62816
313	337	7.11301
313	347	6.51761
314	57	3.63656
314	68	0.00164472
314	106	1.45232
314	169	4.43169
314	236	4.60587
314	259	5.06064
314	280	5.46015
314	312	5.81872
314	319	5.9481
314	324	5.94833
314	327	5.9089
314	332	6.03656
314	353	6.61917
315	39	6.09151
315	71	4.63451
315	106	4.87767
315	116	3.8779
315	120	6.69409
315	141	4.8774
315	202	5.2211
315	205	6.70956
315	231	9.25102
315	264	5.27446
315	288	5.3904
315	340	4.13029
315	342	6.02521
316	49	3.9719
316	133	4.78655
316	170	4.26372
316	190	5.0482
316	247	8.73487
316	253	5.64959
316	291	5.42819
316	301	5.66489
316	308	5.74052
316	330	5.93319
316	344	6.36801
316	346	19.3957
316	355	6.77394
317	32	3.4698
317	85	4.74875
317	91	3.93678
317	162	4.24868
317	178	4.90943
317	254	5.12757
317	282	5.26553
317	295	5.59315
317	326	6.35325
317	340	5.9705
317	343	13.5541
317	349	6.59225
317	360	8.61191
318	148	2.87039
318	197	3.74075
318	222	3.40351
318	227	3.397
318	369	6.64905
318	371	6.36923
318	372	6.31421
318	377	6.55602
318	378	6.2955
318	382	6.50009
318	387	6.54687
318	388	6.98811
318	389	6.76825
318	390	7.03968
318	391	7.03238
319	31	1.86975e-05
319	57	3.65528
319	128	4.19196
319	140	4.30213
319	236	4.62459
319	280	5.47887
319	312	5.83744
319	314	5.82119
319	324	5.96705
319	326	12.3622
319	327	5.92762
319	332	6.05528
319	353	6.63789
320	95	0.00234246
320	139	4.21269
320	155	4.77318
320	156	4.92002
320	182	5.31281
320	184	8.89635
320	201	5.50944
320	221	7.87581
320	255	5.35556
320	309	5.80859
320	343	6.43952
320	351	6.41938
320	364	7.03182
321	76	4.96403
321	87	3.80001
321	129	5.13815
321	135	5.0078
321	147	7.66794
321	223	5.45947
321	229	4.89842
321	292	6.59846
321	331	6.15353
321	341	5.23277
321	342	8.10589
321	380	10.0781
321	392	9.59966
322	6	4.22401
322	23	4.12865
322	70	6.49262
322	72	4.39115
322	103	3.71811
322	115	13.336
322	147	0.00534112
322	215	5.67517
322	256	5.99869
322	268	4.91737
322	302	6.17896
322	306	6.42132
322	350	6.61108
323	9	9.34869
323	79	4.58921
323	86	6.39564
323	97	4.00131e-06
323	149	1.49434
323	150	9.35482e-05
323	199	0.000287686
323	204	5.92226
323	207	6.56279
323	230	4.94726
323	234	6.71066
323	237	8.03777
323	372	19.4228
324	18	3.63697
324	118	4.34533
324	169	4.45122
324	201	6.58594e-06
324	210	5.65038
324	214	4.7311
324	259	5.08018
324	312	5.83825
324	314	5.82201
324	319	5.96764
324	332	6.0561
324	352	17.4964
324	353	6.63871
325	66	5.32789
325	110	4.34876
325	175	5.614
325	181	11.8353
325	215	0.00134201
325	228	1.94613
325	244	4.56874
325	260	3.95526
325	281	5.2942
325	332	2.25969
325	333	5.225
325	386	7.13747
325	400	9.53278
326	32	3.68096
326	91	4.14794
326	154	4.26845
326	162	4.45984
326	178	5.12059
326	188	5.22631
326	219	3.23028
326	250	5.16016
326	295	5.80431
326	299	5.45367
326	317	5.70128
326	349	6.80341
326	360	9.43164
327	130	0.000943871
327	167	4.33131
327	214	4.65837
327	236	4.55268
327	259	5.00745
327	277	6.03243
327	280	5.40695
327	312	5.76552
327	314	5.74928
327	319	5.89491
327	324	5.89514
327	332	5.98337
327	353	6.56598
328	64	3.96821
328	73	0.0025252
328	96	3.95989
328	98	3.95591
328	108	3.60011
328	211	4.22898
328	233	5.07302
328	334	6.08344
328	360	6.63377
328	367	6.76116
328	374	7.3088
328	375	7.13031
328	389	20.9363
329	7	4.32918
329	33	6.78084
329	62	5.96229
329	76	4.92893
329	97	5.4113
329	123	1.93424
329	147	7.63284
329	212	5.04673
329	223	5.42437
329	279	5.63452
329	287	5.36241
329	292	6.56337
329	331	6.11843
329	393	14.1864
330	61	4.8741
330	94	3.85871
330	170	4.276
330	173	5.01417
330	185	5.48449
330	190	5.06048
330	239	0.221091
330	253	5.66187
330	278	5.28078
330	301	5.67716
330	308	5.7528
330	323	4.37051
330	344	6.38029
331	7	4.26536
331	33	6.71702
331	62	5.89847
331	71	4.2714
331	135	4.90889
331	147	7.56902
331	212	4.98291
331	223	5.36055
331	279	5.5707
331	287	5.29859
331	290	6.78741
331	321	6.70523
331	330	10.842
332	25	3.21606
332	118	4.3251
332	140	4.28272
332	167	4.38381
332	236	4.60517
332	259	5.05995
332	266	5.32245
332	280	5.45945
332	312	5.81802
332	324	5.94763
332	327	5.90821
332	353	6.61848
332	354	18.0998
333	68	5.52424
333	78	5.82448
333	102	4.78933
333	110	4.92804
333	164	21.8569
333	175	6.19328
333	192	4.9918
333	260	4.53455
333	286	5.29646
333	289	5.04545
333	325	7.3105
333	375	5.92379
333	399	11.9734
334	98	3.98975
334	107	3.98908
334	123	4.46223
334	151	2.20595
334	186	4.64347
334	198	4.62019
334	233	5.10686
334	319	9.59132
334	328	6.10383
334	345	6.10244
334	360	6.6676
334	367	6.79499
334	374	7.34263
334	375	7.16414
335	12	4.71789
335	28	4.60381
335	99	3.71908
335	143	4.78889
335	157	4.66872
335	242	5.64604
335	262	16.1492
335	300	5.41148
335	327	9.74172
335	337	7.12554
335	347	6.53014
335	358	6.89039
335	377	8.65533
336	262	4.19627
336	346	5.34763
336	352	5.5007
336	354	6.00604
336	369	6.71598
336	371	6.43616
336	372	6.38114
336	377	6.62295
336	378	6.36243
336	380	6.76372
336	382	6.56702
336	384	6.49802
336	388	7.05504
336	389	6.83518
336	390	7.10661
336	391	7.09931
337	99	3.80282
337	130	5.3047
337	157	4.75245
337	187	12.1228
337	215	2.83237
337	242	5.72978
337	273	2.27381e-05
337	311	6.39899
337	313	5.98061
337	335	6.72443
337	347	6.61387
337	380	10.2158
337	400	14.8964
338	19	4.52872
338	25	4.02585
338	36	4.36915
338	56	4.38761
338	124	4.94428
338	136	4.01001
338	248	4.76399
338	249	2.9231
338	305	5.69924
338	370	7.02651
338	373	7.34024
338	381	7.58121
338	395	16.4331
339	15	0.87979
339	113	7.43517
339	145	5.31902
339	151	4.8205
339	196	9.19916e-05
339	199	5.92445
339	251	2.76026
339	272	15.0704
339	309	5.52129
339	313	5.98154
339	321	3.30122e-05
339	365	9.18429
339	373	2.0705
340	53	4.22411
340	162	4.37017
340	179	4.9188
340	188	5.13664
340	250	5.07049
340	254	5.24906
340	265	7.92937
340	273	5.60181
340	295	5.71464
340	299	5.364
340	317	5.61161
340	326	6.47474
340	349	6.71374
340	385	14.0286
341	19	4.6197
341	25	4.11683
341	36	4.46013
341	124	5.03526
341	136	4.10099
341	162	1.44391e-06
341	184	4.28481
341	240	5.82956
341	248	4.85497
341	283	6.01791
341	338	6.53846
341	373	7.43122
341	381	7.67219
341	396	21.6021
342	41	4.15707
342	116	3.70675
342	120	6.52295
342	179	8.64147
342	202	5.04996
342	205	6.53842
342	235	5.60659
342	239	5.34784
342	252	4.93671
342	257	5.80667
342	264	5.10332
342	282	15.4617
342	315	5.88324
343	35	4.03702
343	129	0.175107
343	139	4.20886
343	152	4.89378
343	155	4.76935
343	156	4.91619
343	189	5.34003
343	255	5.35173
343	284	5.20157
343	292	0.00104112
343	309	5.80476
343	320	5.99857
343	364	7.02799
344	34	3.41751
344	49	4.06395
344	74	2.11337e-06
344	133	4.8786
344	190	5.14025
344	265	5.05879
344	278	5.36055
344	291	5.52024
344	301	5.75693
344	308	5.83257
344	316	5.74269
344	355	6.86598
344	393	13.6417
345	100	3.8593
345	107	3.86176
345	123	4.33491
345	193	4.35807
345	233	4.97954
345	328	5.97651
345	334	5.98996
345	349	7.48025
345	360	6.54029
345	367	6.66767
345	374	7.21531
345	375	7.03682
345	377	14.0753
346	180	3.26571
346	227	3.553
346	336	5.12641
346	352	5.58976
346	354	6.0951
346	369	6.80505
346	371	6.52522
346	372	6.4702
346	377	6.71202
346	378	6.45149
346	380	6.85278
346	384	6.58709
346	387	6.70287
346	388	7.1441
346	389	6.92424
346	390	7.19567
346	391	7.18837
347	46	4.91735
347	109	4.75357
347	157	4.65024
347	208	5.19699
347	232	1.29831
347	241	6.02389
347	298	3.85174
347	300	5.393
347	303	7.13186
347	311	6.29677
347	313	5.87839
347	335	6.62221
347	337	7.10706
348	160	7.19085
348	171	4.8543
348	218	4.85082
348	271	5.00944
348	276	5.16408
348	277	5.52663
348	294	5.72763
348	298	5.61229
348	303	6.00027
348	304	5.94725
348	307	5.55389
348	344	9.23034
348	357	6.83836
349	53	4.26259
349	154	4.21725
349	209	9.75015
349	222	11.8373
349	250	5.10897
349	254	5.28754
349	273	5.64029
349	282	5.4255
349	295	5.75312
349	299	5.40248
349	326	6.51322
349	340	6.13047
349	375	11.6059
350	6	4.11724
350	13	4.37763
350	60	4.2888
350	95	8.834
350	103	3.61134
350	142	5.5045
350	149	2.52897
350	174	5.64724
350	215	5.5684
350	226	0.00282912
350	256	5.89193
350	327	12.2788
351	10	4.84017
351	24	3.39768
351	139	4.15386
351	182	5.25398
351	189	5.28503
351	271	5.55589
351	274	5.3863
351	284	5.14657
351	295	8.48642
351	309	5.74976
351	320	5.94357
351	343	6.38069
351	364	6.97299
352	222	3.57955
352	262	4.30538
352	318	4.93977
352	336	5.14646
352	346	5.45674
352	369	6.8251
352	371	6.54527
352	372	6.49026
352	377	6.73207
352	378	6.47154
352	380	6.87284
352	382	6.67614
352	384	6.60714
352	387	6.72292
352	389	6.94429
352	390	7.21572
352	391	7.20842
353	52	3.97247
353	118	4.40119
353	140	4.35882
353	210	5.70625
353	214	4.78696
353	236	4.68127
353	251	4.53682
353	259	5.13604
353	266	5.39855
353	312	5.89412
353	327	5.98431
353	332	6.11197
353	334	10.5329
354	20	3.02926
354	148	3.41579
354	164	3.93973
354	177	3.66535
354	272	4.49314
354	318	5.30912
354	346	5.8261
354	352	5.97917
354	369	7.19445
354	371	6.91463
354	372	6.85961
354	377	7.10142
354	380	7.24219
354	382	7.04549
354	384	6.97649
354	387	7.09227
354	388	7.53351
354	389	7.31365
354	390	7.58508
354	391	7.57778
355	34	3.47949
355	43	0.00299771
355	94	4.00046
355	105	0.00429486
355	133	4.94058
355	170	4.41775
355	190	5.20223
355	216	5.4352
355	255	6.44756
355	265	5.12077
355	301	5.81891
355	330	6.08722
355	344	6.52204
356	74	4.53852
356	111	4.84192
356	119	4.06909
356	165	4.22407
356	172	5.19865
356	221	4.75045
356	232	5.20432
356	285	5.5382
356	298	4.03459
356	359	6.75242
356	361	6.66889
356	365	7.07312
356	366	7.26643
356	368	17.6913
357	2	4.80686
357	15	3.49776
357	47	3.62159
357	58	3.84281
357	185	0.000388842
357	209	4.53309
357	277	5.72104
357	286	0.000142842
357	298	5.8067
357	303	6.19468
357	304	6.14166
357	305	12.0687
357	348	6.45913
358	44	3.0881
358	203	3.48284
358	206	3.10493
358	293	4.24206
358	362	6.13824
358	368	6.86562
358	376	6.81758
358	379	6.58924
358	385	7.17089
358	386	7.18463
358	392	7.18593
358	394	7.53426
358	395	7.57409
358	396	8.13421
358	397	7.4101
358	398	7.81999
358	399	8.07666
358	400	7.58923
359	3	4.26398
359	31	3.5457
359	115	3.93423
359	165	4.14149
359	172	5.11607
359	195	3.76271
359	221	4.66787
359	226	5.68946
359	250	6.63934
359	285	5.45562
359	356	6.54869
359	361	6.58632
359	366	7.18385
360	96	3.93887
360	108	3.5791
360	153	2.42149
360	186	4.58862
360	211	4.20797
360	224	5.01864
360	238	4.6258
360	284	6.45937
360	328	6.04898
360	345	6.04759
360	367	6.74014
360	374	7.28778
360	375	7.10929
361	31	3.51318
361	33	0.00161764
361	50	3.68118
361	112	4.04645
361	131	4.66477
361	221	4.63535
361	222	14.2552
361	226	5.65693
361	285	5.4231
361	356	6.51617
361	359	6.63732
361	365	6.95802
361	366	7.15133
362	44	2.86993
362	246	3.96646
362	358	5.93197
362	363	6.08157
362	379	6.37107
362	385	6.95273
362	386	6.96646
362	392	6.96777
362	393	7.4514
362	394	7.3161
362	395	7.35592
362	396	7.91605
362	397	7.19194
362	398	7.60182
362	399	7.8585
362	400	7.37106
363	187	3.49678
363	203	3.47167
363	206	3.09375
363	293	4.23088
363	358	6.13896
363	368	6.85444
363	379	6.57806
363	383	6.84294
363	385	7.15972
363	392	7.17476
363	393	7.65839
363	394	7.52309
363	395	7.56291
363	396	8.12304
363	397	7.39893
363	398	7.80881
363	399	8.06549
363	400	7.57805
364	10	4.95697
364	22	5.46403
364	122	4.97315
364	139	4.27066
364	146	4.69689
364	219	1.85119
364	273	1.22425
364	284	5.26337
364	309	5.86656
364	320	6.06037
364	331	7.77803
364	337	0.000990819
364	351	6.47735
365	21	4.71674
365	31	3.59962
365	50	3.76762
365	131	4.75121
365	165	4.19541
365	211	7.19351
365	226	5.74337
365	232	5.17567
365	234	5.68068
365	285	5.50954
365	356	6.60261
365	361	6.64023
365	366	7.23777
366	31	3.62818
366	131	4.77977
366	165	4.22397
366	172	5.19855
366	226	5.77193
366	232	5.20422
366	270	5.09648
366	330	9.16294
366	356	6.63117
366	359	6.75232
366	363	12.7948
366	365	7.07302
366	392	11.3129
367	64	3.86822
367	96	3.8599
367	107	3.85525
367	193	4.35156
367	224	4.93967
367	310	6.78463e-07
367	328	5.97
367	334	5.98345
367	345	5.96861
367	360	6.53378
367	374	7.20881
367	375	7.03032
367	388	16.72
368	55	3.20185
368	181	3.83976
368	206	3.53523
368	220	3.76994
368	246	4.61493
368	267	4.54911
368	293	4.67236
368	358	6.58044
368	362	6.56854
368	363	6.73004
368	376	7.24789
368	379	7.01954
368	383	7.28443
368	386	7.61493
368	392	7.61624
368	393	8.09987
368	394	7.96457
368	395	8.00439
368	396	8.56452
368	397	7.84041
368	398	8.25029
368	399	8.50697
368	400	8.01953
369	65	3.01891
369	148	3.45382
369	164	3.97776
369	177	3.70337
369	180	3.69314
369	272	4.53117
369	318	5.34715
369	346	5.86413
369	352	6.0172
369	371	6.95266
369	372	6.89764
369	377	7.13945
369	380	7.28022
369	384	7.01452
369	387	7.1303
369	388	7.57154
369	389	7.35168
369	390	7.62311
369	391	7.6158
370	52	4.61951
370	56	4.26523
370	90	4.50721
370	92	4.37449
370	136	3.88762
370	184	4.07144
370	217	5.53892
370	240	5.6162
370	301	1.87948
370	338	6.32509
370	341	6.48257
370	373	7.21786
370	381	7.45883
371	65	2.73714
371	197	4.04241
371	227	3.69866
371	262	4.43099
371	352	5.73543
371	354	6.24077
371	369	6.95071
371	372	6.61587
371	378	6.59715
371	380	6.99845
371	382	6.80175
371	384	6.73275
371	387	6.84853
371	388	7.28976
371	389	7.0699
371	390	7.34133
371	391	7.33403
372	148	3.14461
372	164	3.66855
372	197	4.01497
372	227	3.67122
372	354	6.21333
372	369	6.92327
372	371	6.64344
372	377	6.83024
372	378	6.56971
372	380	6.97101
372	382	6.77431
372	384	6.70531
372	387	6.82109
372	388	7.26232
372	389	7.04246
372	390	7.3139
372	391	7.30659
373	77	4.54032
373	92	4.44111
373	124	4.88851
373	153	4.01311
373	159	3.96715
373	215	4.66428
373	225	4.60293
373	305	5.64348
373	338	6.39172
373	370	6.97075
373	381	7.52545
373	388	15.2048
373	390	14.1421
374	8	3.57485
374	64	4.08076
374	100	4.06534
374	155	9.71641
374	186	4.72218
374	211	4.34153
374	224	5.15221
374	233	5.18557
374	238	4.75937
374	328	6.18254
374	334	6.19599
374	367	6.87371
374	375	7.24285
374	384	17.0353
375	98	3.92097
375	108	3.56517
375	182	1.22199
375	186	4.57469
375	198	4.55142
375	229	4.69697
375	238	4.61188
375	294	6.86438
375	334	6.0485
375	345	6.03366
375	360	6.59883
375	367	6.72622
375	374	7.27386
376	44	3.25
376	126	3.16283
376	187	3.66985
376	220	3.50153
376	246	4.34653
376	362	6.30013
376	368	7.02752
376	379	6.75113
376	383	7.01602
376	385	7.33279
376	386	7.34652
376	392	7.34783
376	393	7.83146
376	394	7.69616
376	395	7.73598
376	396	8.29611
376	397	7.572
376	398	7.98188
376	399	8.23856
376	400	7.75112
377	164	3.91689
377	180	3.63227
377	197	4.26331
377	222	3.92607
377	336	5.49297
377	346	5.80326
377	352	5.95633
377	354	6.46167
377	369	7.17161
377	371	6.89178
377	372	6.83677
377	378	6.81805
377	380	7.21935
377	384	6.95365
377	387	7.06943
377	388	7.51066
377	389	7.2908
377	390	7.56224
377	391	7.55493
378	262	4.38104
378	272	4.19944
378	318	5.01542
378	336	5.22212
378	346	5.5324
378	369	6.90075
378	371	6.62093
378	372	6.56591
378	377	6.80772
378	380	6.94849
378	382	6.75179
378	384	6.68279
378	387	6.79857
378	388	7.23981
378	389	7.01995
378	390	7.29138
378	391	7.28408
379	200	3.64989
379	206	3.01735
379	246	4.09705
379	362	6.05066
379	363	6.21215
379	376	6.73
379	383	6.76654
379	386	7.09705
379	392	7.09835
379	393	7.58199
379	394	7.44668
379	395	7.48651
379	396	8.04663
379	397	7.32252
379	398	7.73241
379	399	7.98908
379	400	7.50164
380	164	3.87747
380	197	4.22389
380	222	3.88665
380	318	5.24686
380	336	5.45355
380	346	5.76384
380	352	5.91691
380	354	6.42225
380	372	6.79735
380	377	7.03916
380	378	6.77863
380	382	6.98323
380	384	6.91423
380	387	7.03001
380	388	7.47124
380	389	7.25138
380	390	7.52282
380	391	7.51551
381	17	3.55961
381	25	4.07706
381	36	4.42036
381	56	4.43882
381	62	0.0013633
381	88	4.98781
381	124	4.99548
381	184	4.24503
381	240	5.78979
381	305	5.75045
381	323	4.51657
381	338	6.49869
381	370	7.07772
381	373	7.39145
382	20	2.82328
382	180	3.44914
382	227	3.73643
382	262	4.46876
382	352	5.7732
382	354	6.27854
382	369	6.98848
382	371	6.70865
382	372	6.65364
382	377	6.89545
382	378	6.63492
382	380	7.03621
382	384	6.77052
382	387	6.8863
382	388	7.32753
382	389	7.10767
382	391	7.3718
383	16	1.95671
383	203	3.33401
383	220	3.1908
383	267	3.96997
383	358	6.0013
383	362	5.98941
383	368	6.71679
383	386	7.0358
383	393	7.52074
383	394	7.38543
383	395	7.42526
383	396	7.98538
383	397	7.26127
383	398	7.67116
383	399	7.92783
383	400	7.4404
384	177	3.40116
384	180	3.39093
384	272	4.22895
384	336	5.25163
384	354	6.22033
384	369	6.93027
384	371	6.65044
384	372	6.59543
384	377	6.83724
384	378	6.57671
384	380	6.97801
384	382	6.78131
384	387	6.82809
384	388	7.26932
384	389	7.04946
384	390	7.3209
384	391	7.31359
385	44	3.34866
385	203	3.7434
385	206	3.36549
385	258	4.65581
385	293	4.50262
385	358	6.41069
385	362	6.3988
385	363	6.56029
385	368	7.12618
385	376	7.07814
385	383	7.11468
385	392	7.44649
385	393	7.93013
385	394	7.79482
385	395	7.83465
385	396	8.39477
385	397	7.67066
385	398	8.08055
385	399	8.33722
385	400	7.84979
386	126	3.05225
386	181	3.46077
386	203	3.53416
386	246	4.23594
386	267	4.17012
386	293	4.29337
386	363	6.35105
386	368	6.91693
386	376	6.86889
386	393	7.72088
386	394	7.58557
386	395	7.6254
386	396	8.18553
386	397	7.46142
386	398	7.8713
386	399	8.12798
386	400	7.64054
387	318	4.96774
387	336	5.17443
387	346	5.48471
387	352	5.63779
387	354	6.14313
387	371	6.57324
387	372	6.51823
387	377	6.76004
387	378	6.49951
387	380	6.9008
387	382	6.70411
387	384	6.63511
387	388	7.19212
387	389	6.97226
387	390	7.24369
387	391	7.23639
388	65	2.85692
388	197	4.16219
388	222	3.82494
388	227	3.81844
388	272	4.36917
388	336	5.39185
388	346	5.70214
388	352	5.85521
388	369	7.07049
388	371	6.79066
388	377	6.97746
388	378	6.71693
388	382	6.92153
388	384	6.85253
388	389	7.18968
388	390	7.46112
388	391	7.45381
389	20	2.86943
389	164	3.77991
389	197	4.12633
389	272	4.33331
389	336	5.35599
389	346	5.66627
389	352	5.81934
389	354	6.32468
389	369	7.03463
389	372	6.69978
389	378	6.68107
389	380	7.08236
389	382	6.88567
389	384	6.81667
389	387	6.93244
389	388	7.37368
389	390	7.42525
389	391	7.41795
390	65	2.84925
390	148	3.28416
390	177	3.53371
390	222	3.81727
390	318	5.17749
390	336	5.38418
390	346	5.69446
390	371	6.78299
390	372	6.72798
390	378	6.70926
390	380	7.11055
390	382	6.91386
390	384	6.84486
390	387	6.96064
390	388	7.40187
390	389	7.18201
390	391	7.44614
391	65	2.81765
391	222	3.78568
391	262	4.51151
391	272	4.3299
391	318	5.14589
391	336	5.35258
391	352	5.81594
391	354	6.32128
391	372	6.69638
391	377	6.93819
391	378	6.67766
391	380	7.07896
391	382	6.88226
391	387	6.92904
391	388	7.37027
391	389	7.15041
391	390	7.42185
392	246	3.97093
392	293	4.02836
392	358	5.93643
392	368	6.65192
392	379	6.37554
392	383	6.64042
392	385	6.95719
392	386	6.97093
392	393	7.45587
392	394	7.32056
392	395	7.36039
392	397	7.1964
392	398	7.60629
392	399	7.86296
392	400	7.37553
393	126	3.01459
393	181	3.42311
393	187	3.5216
393	267	4.13245
393	358	6.16378
393	363	6.31339
393	376	6.83123
393	379	6.60289
393	383	6.86777
393	385	7.18454
393	386	7.19828
393	392	7.19959
393	395	7.58774
393	397	7.42375
393	398	7.83364
393	399	8.09032
393	400	7.60288
394	4	2.54656
394	16	2.14929
394	55	2.81529
394	126	3.04469
394	358	6.19389
394	376	6.86133
394	379	6.63299
394	383	6.89787
394	385	7.21465
394	386	7.22838
394	392	7.22969
394	393	7.71332
394	395	7.61784
394	396	8.17797
394	397	7.45385
394	398	7.86374
394	399	8.12042
394	400	7.63298
395	16	2.14837
395	55	2.81437
395	293	4.28489
395	358	6.19296
395	363	6.34256
395	368	6.90845
395	376	6.86041
395	379	6.63207
395	385	7.21372
395	386	7.22746
395	392	7.22877
395	393	7.7124
395	394	7.57709
395	396	8.17704
395	397	7.45293
395	398	7.86282
395	399	8.11949
395	400	7.63206
396	16	2.65192
396	187	4.05433
396	200	4.28385
396	206	3.65131
396	220	3.88602
396	246	4.73101
396	267	4.66519
396	293	4.78844
396	358	6.69652
396	363	6.84612
396	368	7.412
396	376	7.36396
396	383	7.4005
396	385	7.71728
396	386	7.73101
396	392	7.73232
396	393	8.21595
396	394	8.08064
396	395	8.12047
396	397	7.95648
396	398	8.36637
396	399	8.62305
396	400	8.13561
397	203	3.46178
397	206	3.08386
397	258	4.37419
397	358	6.12907
397	362	6.11717
397	368	6.84455
397	376	6.79651
397	379	6.56817
397	383	6.83305
397	385	7.14983
397	392	7.16487
397	393	7.6485
397	394	7.5132
397	395	7.55302
397	396	8.11315
397	398	7.79892
397	399	8.0556
397	400	7.56816
398	4	2.47894
398	55	2.74767
398	220	3.31576
398	258	4.37138
398	358	6.12626
398	362	6.11436
398	363	6.27586
398	368	6.84174
398	376	6.79371
398	386	7.16075
398	392	7.16206
398	393	7.64569
398	394	7.51039
398	396	8.11034
398	397	7.38623
398	399	8.05279
398	400	7.56535
399	126	3.2741
399	181	3.68262
399	187	3.78111
399	200	4.01063
399	203	3.756
399	220	3.6128
399	267	4.39196
399	368	7.13878
399	376	7.09074
399	379	6.8624
399	383	7.12728
399	385	7.44406
399	392	7.4591
399	393	7.94273
399	394	7.80742
399	395	7.84725
399	396	8.40737
399	397	7.68326
399	398	8.09315
399	400	7.86239
400	44	2.99425
400	220	3.24579
400	362	6.04439
400	363	6.20589
400	368	6.77177
400	376	6.72373
400	379	6.49539
400	383	6.76027
400	385	7.07705
400	392	7.09209
400	393	7.57572
400	394	7.44041
400	395	7.48024
400	396	8.04037
400	397	7.31625
400	398	7.72614
400	399	7.98282
